0 1 0.016129
0 2 0.021277
0 3 0.041667
0 4 0.028571
0 5 0.011628
0 6 0.020833
0 7 0.030303
0 8 0.029412
0 9 0.016393
0 10 0.011628
1 2 0.013333
1 3 0.011364
1 4 0.050000
1 5 0.058824
1 6 0.010638
1 7 0.010989
1 8 0.012821
1 9 0.013333
1 10 0.015152
1 11 0.020408
2 3 0.023810
2 4 0.017857
2 5 0.041667
2 6 0.020000
2 7 0.062500
2 8 0.010101
2 9 0.037037
2 10 0.038462
2 11 0.024390
2 12 0.014085
3 4 0.013699
3 5 0.250000
3 6 0.052632
3 7 0.010204
3 8 0.025641
3 9 0.200000
3 10 0.021739
3 11 0.013699
3 12 0.025000
3 13 0.125000
4 5 0.016667
4 6 0.062500
4 7 0.010309
4 8 0.012500
4 9 0.030303
4 10 0.010989
4 11 0.014085
4 12 0.083333
4 13 0.014925
4 14 0.026316
5 6 0.016129
5 7 0.100000
5 8 0.010638
5 9 0.011628
5 10 0.016667
5 11 0.100000
5 12 0.011628
5 13 0.011364
5 14 0.027778
5 15 0.037037
6 7 0.016667
6 8 0.100000
6 9 0.031250
6 10 0.012658
6 11 0.125000
6 12 0.014085
6 13 0.011905
6 14 0.018182
6 15 0.022222
6 16 0.040000
7 8 0.015625
7 9 0.200000
7 10 0.024390
7 11 0.016393
7 12 0.011765
7 13 0.013333
7 14 0.019231
7 15 0.017544
7 16 0.011494
7 17 0.050000
8 9 0.010526
8 10 0.020000
8 11 0.033333
8 12 0.011111
8 13 0.027027
8 14 0.010989
8 15 1.000000
8 16 0.043478
8 17 0.012658
8 18 0.027027
9 10 0.019608
9 11 0.025641
9 12 0.020833
9 13 0.012048
9 14 0.052632
9 15 0.017544
9 16 0.018182
9 17 0.250000
9 18 0.083333
9 19 0.034483
10 11 0.013158
10 12 0.166667
10 13 0.014085
10 14 0.026316
10 15 0.010989
10 16 0.021739
10 17 0.011111
10 18 0.020408
10 19 0.029412
10 20 0.090909
11 12 0.022222
11 13 0.011905
11 14 0.024390
11 15 0.028571
11 16 0.045455
11 17 0.031250
11 18 0.027778
11 19 0.022222
11 20 0.083333
11 21 0.013514
12 13 0.010417
12 14 0.019231
12 15 0.045455
12 16 0.012500
12 17 0.014085
12 18 0.012658
12 19 0.028571
12 20 0.013333
12 21 0.010870
12 22 0.027778
13 14 0.200000
13 15 0.014493
13 16 0.023810
13 17 0.013158
13 18 0.142857
13 19 0.029412
13 20 0.045455
13 21 0.010204
13 22 0.011905
13 23 0.017544
14 15 0.111111
14 16 0.034483
14 17 0.023810
14 18 0.019608
14 19 0.015385
14 20 0.015625
14 21 0.011905
14 22 1.000000
14 23 0.111111
14 24 0.010309
15 16 0.013158
15 17 0.200000
15 18 0.020408
15 19 0.010204
15 20 0.011765
15 21 0.047619
15 22 0.012821
15 23 0.047619
15 24 0.010309
15 25 0.014085
16 17 0.017544
16 18 0.500000
16 19 0.025000
16 20 0.012821
16 21 0.020833
16 22 0.028571
16 23 1.000000
16 24 0.021277
16 25 0.052632
16 26 0.017241
17 18 0.017857
17 19 0.020408
17 20 0.125000
17 21 0.071429
17 22 0.015385
17 23 0.010870
17 24 0.062500
17 25 0.013514
17 26 0.011236
17 27 0.010870
18 19 0.012500
18 20 0.025641
18 21 0.011111
18 22 0.015152
18 23 0.016667
18 24 0.014493
18 25 0.011494
18 26 0.017544
18 27 0.025000
18 28 0.022222
19 20 0.016667
19 21 0.012346
19 22 0.021739
19 23 0.026316
19 24 0.033333
19 25 0.012195
19 26 0.025641
19 27 0.012987
19 28 1.000000
19 29 0.010204
20 21 0.029412
20 22 0.019608
20 23 0.010101
20 24 0.023810
20 25 0.015385
20 26 0.015625
20 27 0.028571
20 28 0.012346
20 29 0.025641
20 30 0.041667
21 22 0.013699
21 23 0.052632
21 24 0.015625
21 25 0.015625
21 26 0.011628
21 27 0.040000
21 28 0.029412
21 29 0.013699
21 30 0.012195
21 31 0.013333
22 23 0.052632
22 24 0.023810
22 25 0.017544
22 26 0.015152
22 27 0.012346
22 28 0.011494
22 29 0.020833
22 30 0.047619
22 31 0.015625
22 32 0.020000
23 24 0.052632
23 25 0.010204
23 26 1.000000
23 27 0.052632
23 28 0.024390
23 29 0.014925
23 30 0.011905
23 31 0.013158
23 32 0.020833
23 33 0.043478
24 25 1.000000
24 26 0.045455
24 27 0.023256
24 28 0.015385
24 29 0.011494
24 30 0.034483
24 31 0.011111
24 32 0.045455
24 33 0.333333
24 34 0.013699
25 26 0.010309
25 27 0.043478
25 28 0.062500
25 29 0.018519
25 30 0.011236
25 31 0.010309
25 32 0.024390
25 33 0.027027
25 34 0.052632
25 35 0.166667
26 27 0.011494
26 28 0.025641
26 29 0.200000
26 30 0.011236
26 31 0.017241
26 32 0.021739
26 33 0.017857
26 34 0.023256
26 35 0.045455
26 36 0.200000
27 28 0.015152
27 29 0.043478
27 30 0.035714
27 31 0.100000
27 32 0.011236
27 33 0.062500
27 34 0.025641
27 35 0.012500
27 36 0.026316
27 37 0.023256
28 29 0.018868
28 30 0.027778
28 31 0.015152
28 32 0.014286
28 33 0.011111
28 34 0.017857
28 35 0.014706
28 36 0.031250
28 37 0.010638
28 38 0.011494
29 30 0.025641
29 31 0.012346
29 32 0.038462
29 33 0.022727
29 34 0.014085
29 35 0.011765
29 36 0.011111
29 37 0.037037
29 38 0.035714
29 39 0.083333
30 31 0.030303
30 32 0.010526
30 33 0.027778
30 34 0.016393
30 35 0.200000
30 36 0.038462
30 37 0.012987
30 38 0.022222
30 39 0.166667
30 40 0.062500
31 32 0.011364
31 33 0.016667
31 34 0.019231
31 35 0.018182
31 36 0.033333
31 37 0.023256
31 38 0.083333
31 39 0.010204
31 40 0.013158
31 41 0.166667
32 33 0.011765
32 34 0.066667
32 35 0.011494
32 36 0.083333
32 37 0.016949
32 38 0.016949
32 39 0.010204
32 40 0.020408
32 41 0.011628
32 42 0.038462
33 34 0.016129
33 35 0.052632
33 36 0.045455
33 37 0.010101
33 38 0.012346
33 39 0.037037
33 40 0.040000
33 41 0.016949
33 42 0.013699
33 43 0.032258
34 35 0.013333
34 36 0.016129
34 37 0.010989
34 38 0.035714
34 39 0.058824
34 40 0.045455
34 41 0.014085
34 42 0.034483
34 43 0.050000
34 44 0.021277
35 36 0.028571
35 37 0.166667
35 38 0.015873
35 39 0.043478
35 40 0.052632
35 41 0.045455
35 42 0.012048
35 43 0.058824
35 44 0.013889
35 45 0.014493
36 37 0.022727
36 38 0.028571
36 39 0.011236
36 40 0.015152
36 41 0.028571
36 42 0.014085
36 43 0.010638
36 44 0.016667
36 45 0.033333
36 46 0.014925
37 38 0.010870
37 39 0.166667
37 40 0.034483
37 41 0.011905
37 42 0.029412
37 43 0.021277
37 44 0.142857
37 45 0.200000
37 46 0.012987
37 47 0.037037
38 39 0.018868
38 40 0.076923
38 41 0.029412
38 42 0.058824
38 43 0.027778
38 44 0.018868
38 45 0.025641
38 46 0.052632
38 47 0.014286
38 48 0.083333
39 40 0.011236
39 41 0.066667
39 42 0.020833
39 43 0.012658
39 44 0.012195
39 45 0.012048
39 46 0.019608
39 47 0.013158
39 48 0.022727
39 49 0.012346
40 41 0.022727
40 42 0.027027
40 43 0.011364
40 44 0.013514
40 45 0.045455
40 46 0.045455
40 47 0.047619
40 48 0.034483
40 49 0.035714
40 50 0.010204
41 42 0.017544
41 43 0.012195
41 44 0.090909
41 45 0.010989
41 46 0.010101
41 47 0.020833
41 48 0.022727
41 49 0.025641
41 50 0.014706
41 51 0.066667
42 43 0.019231
42 44 0.017241
42 45 0.032258
42 46 0.026316
42 47 0.076923
42 48 0.011905
42 49 0.011236
42 50 0.011111
42 51 0.034483
42 52 0.014085
43 44 0.029412
43 45 0.015152
43 46 0.016949
43 47 0.125000
43 48 0.011236
43 49 0.012346
43 50 0.034483
43 51 0.055556
43 52 0.100000
43 53 0.035714
44 45 0.013333
44 46 0.010870
44 47 0.025000
44 48 0.014925
44 49 0.010870
44 50 0.011364
44 51 0.090909
44 52 0.032258
44 53 0.017544
44 54 0.037037
45 46 0.012048
45 47 0.066667
45 48 0.017241
45 49 0.011905
45 50 0.018868
45 51 0.013889
45 52 0.014706
45 53 0.023256
45 54 0.016129
45 55 0.010309
46 47 0.071429
46 48 0.010417
46 49 0.015625
46 50 0.013514
46 51 0.200000
46 52 0.018868
46 53 0.017857
46 54 0.028571
46 55 0.013889
46 56 0.015152
47 48 0.015873
47 49 0.020833
47 50 0.016949
47 51 0.333333
47 52 0.066667
47 53 0.019608
47 54 0.010870
47 55 0.038462
47 56 0.012195
47 57 0.020408
48 49 0.018519
48 50 0.015152
48 51 0.015385
48 52 0.076923
48 53 0.020000
48 54 0.052632
48 55 0.011765
48 56 0.052632
48 57 0.016129
48 58 0.020833
49 50 0.058824
49 51 0.013158
49 52 0.022222
49 53 0.012195
49 54 0.019608
49 55 0.020000
49 56 0.027778
49 57 0.142857
49 58 0.011765
49 59 0.125000
50 51 0.013699
50 52 0.020833
50 53 0.017857
50 54 0.031250
50 55 0.019231
50 56 0.014085
50 57 0.011905
50 58 0.022727
50 59 0.010204
50 60 0.015152
51 52 0.010638
51 53 0.018868
51 54 0.030303
51 55 0.016949
51 56 0.015152
51 57 0.012048
51 58 0.012821
51 59 0.019231
51 60 0.333333
51 61 0.024390
52 53 0.047619
52 54 0.058824
52 55 0.021739
52 56 0.333333
52 57 0.014706
52 58 0.010417
52 59 0.025641
52 60 0.013158
52 61 0.012346
52 62 0.021277
53 54 0.020408
53 55 0.033333
53 56 0.250000
53 57 0.012195
53 58 0.012048
53 59 0.013333
53 60 0.015152
53 61 0.037037
53 62 0.013514
53 63 0.030303
54 55 0.045455
54 56 0.037037
54 57 0.015152
54 58 0.012195
54 59 0.010753
54 60 0.020000
54 61 0.016667
54 62 0.021739
54 63 0.018868
54 64 1.000000
55 56 0.021277
55 57 0.013514
55 58 0.052632
55 59 0.010753
55 60 0.012821
55 61 0.011364
55 62 0.011236
55 63 0.058824
55 64 0.015625
55 65 0.014085
56 57 0.015385
56 58 0.071429
56 59 0.500000
56 60 0.014493
56 61 0.010417
56 62 0.011765
56 63 0.022222
56 64 0.016129
56 65 0.076923
56 66 0.052632
57 58 0.010417
57 59 0.028571
57 60 0.021739
57 61 0.016129
57 62 0.058824
57 63 0.025000
57 64 0.083333
57 65 0.012821
57 66 0.011494
57 67 0.015152
58 59 0.012500
58 60 0.029412
58 61 0.024390
58 62 0.010101
58 63 0.035714
58 64 0.052632
58 65 0.011364
58 66 0.055556
58 67 0.027027
58 68 0.018868
59 60 0.011236
59 61 0.500000
59 62 0.014925
59 63 0.010870
59 64 0.013889
59 65 0.015873
59 66 0.012987
59 67 0.058824
59 68 0.038462
59 69 0.011111
60 61 0.027778
60 62 0.045455
60 63 0.038462
60 64 0.012048
60 65 0.011765
60 66 0.022727
60 67 0.043478
60 68 0.010204
60 69 0.045455
60 70 0.100000
61 62 0.015625
61 63 0.500000
61 64 0.022222
61 65 0.166667
61 66 0.500000
61 67 0.013699
61 68 0.040000
61 69 0.010989
61 70 0.010989
61 71 0.015873
62 63 0.022727
62 64 0.012346
62 65 0.015152
62 66 0.090909
62 67 0.013699
62 68 0.026316
62 69 0.013333
62 70 0.019608
62 71 0.018182
62 72 0.500000
63 64 0.023810
63 65 0.010870
63 66 0.040000
63 67 0.014706
63 68 0.013333
63 69 0.100000
63 70 0.083333
63 71 0.010101
63 72 0.125000
63 73 0.028571
64 65 0.111111
64 66 0.013699
64 67 0.027027
64 68 0.018182
64 69 0.012658
64 70 0.025000
64 71 0.035714
64 72 0.200000
64 73 0.032258
64 74 0.050000
65 66 0.014706
65 67 0.013158
65 68 0.500000
65 69 0.029412
65 70 0.011364
65 71 0.013158
65 72 0.013699
65 73 0.015873
65 74 0.037037
65 75 0.034483
66 67 0.015152
66 68 0.014493
66 69 0.047619
66 70 0.010989
66 71 0.026316
66 72 0.010309
66 73 0.500000
66 74 0.020000
66 75 0.010417
66 76 0.100000
67 68 0.011765
67 69 0.200000
67 70 0.011905
67 71 0.043478
67 72 0.016393
67 73 0.015873
67 74 0.015625
67 75 0.011236
67 76 0.014706
67 77 0.010417
68 69 0.100000
68 70 0.027027
68 71 0.013889
68 72 0.076923
68 73 0.013889
68 74 0.016667
68 75 0.011236
68 76 0.022222
68 77 0.041667
68 78 0.058824
69 70 0.013333
69 71 0.010989
69 72 0.011494
69 73 0.010417
69 74 0.012195
69 75 0.040000
69 76 0.010753
69 77 0.011765
69 78 0.013158
69 79 0.011236
70 71 0.010526
70 72 0.016129
70 73 0.010526
70 74 0.012658
70 75 0.011628
70 76 0.017544
70 77 0.023256
70 78 0.020000
70 79 0.021739
70 80 0.083333
71 72 0.021277
71 73 0.017544
71 74 0.020408
71 75 0.052632
71 76 0.014286
71 77 0.045455
71 78 0.012500
71 79 0.016949
71 80 0.014706
71 81 0.200000
72 73 0.012987
72 74 0.023256
72 75 0.010417
72 76 0.015625
72 77 0.025000
72 78 0.012821
72 79 0.011111
72 80 0.030303
72 81 0.015873
72 82 0.014925
73 74 0.043478
73 75 0.016949
73 76 0.034483
73 77 0.052632
73 78 0.025641
73 79 0.062500
73 80 0.013158
73 81 0.012048
73 82 0.014925
73 83 0.043478
74 75 0.010526
74 76 0.071429
74 77 0.012500
74 78 0.022222
74 79 0.029412
74 80 0.019608
74 81 0.014706
74 82 0.071429
74 83 0.090909
74 84 0.027778
75 76 0.052632
75 77 0.011364
75 78 0.012658
75 79 0.066667
75 80 0.018868
75 81 0.050000
75 82 0.010638
75 83 0.022727
75 84 0.018868
75 85 0.017241
76 77 0.090909
76 78 0.012987
76 79 0.055556
76 80 0.024390
76 81 0.010309
76 82 0.017241
76 83 0.017544
76 84 0.013514
76 85 0.024390
76 86 0.040000
77 78 0.010309
77 79 0.027027
77 80 0.025641
77 81 0.012821
77 82 0.012195
77 83 0.013699
77 84 0.034483
77 85 0.020000
77 86 0.011364
77 87 0.025000
78 79 0.011494
78 80 0.142857
78 81 0.034483
78 82 0.014925
78 83 0.043478
78 84 0.012048
78 85 0.011494
78 86 0.055556
78 87 0.037037
78 88 0.024390
79 80 0.013158
79 81 0.026316
79 82 0.055556
79 83 0.010638
79 84 0.012500
79 85 0.066667
79 86 0.018868
79 87 0.026316
79 88 0.011111
79 89 0.010638
80 81 0.015873
80 82 0.011494
80 83 0.032258
80 84 0.500000
80 85 0.015152
80 86 0.071429
80 87 0.013158
80 88 0.010526
80 89 0.015385
80 90 0.015625
81 82 0.027778
81 83 0.019231
81 84 0.013889
81 85 0.015152
81 86 0.052632
81 87 0.010417
81 88 0.020408
81 89 0.142857
81 90 0.071429
81 91 0.013158
82 83 0.020833
82 84 0.011111
82 85 0.066667
82 86 0.015152
82 87 0.011765
82 88 0.010526
82 89 0.012195
82 90 0.026316
82 91 0.030303
82 92 0.013889
83 84 0.030303
83 85 0.010309
83 86 0.016667
83 87 0.015385
83 88 0.038462
83 89 0.012500
83 90 0.013158
83 91 0.045455
83 92 0.022222
83 93 0.024390
84 85 0.017241
84 86 0.010204
84 87 0.071429
84 88 0.040000
84 89 0.055556
84 90 0.090909
84 91 0.013514
84 92 0.040000
84 93 0.040000
84 94 0.020000
85 86 0.013699
85 87 0.062500
85 88 0.015152
85 89 0.025000
85 90 0.500000
85 91 0.016393
85 92 0.045455
85 93 0.024390
85 94 0.010526
85 95 0.010526
86 87 0.013514
86 88 0.010870
86 89 0.018182
86 90 0.025000
86 91 0.010753
86 92 0.012195
86 93 0.050000
86 94 0.014286
86 95 0.250000
86 96 0.015385
87 88 0.083333
87 89 0.015873
87 90 0.015873
87 91 0.038462
87 92 0.011364
87 93 0.012346
87 94 0.026316
87 95 0.016129
87 96 0.142857
87 97 0.015873
88 89 0.076923
88 90 0.012500
88 91 0.012500
88 92 0.012658
88 93 0.050000
88 94 0.012195
88 95 0.024390
88 96 0.023256
88 97 0.043478
88 98 0.027027
89 90 0.026316
89 91 0.010204
89 92 0.033333
89 93 0.010638
89 94 0.026316
89 95 0.043478
89 96 0.012987
89 97 0.017241
89 98 0.010753
89 99 0.012346
90 91 0.043478
90 92 0.200000
90 93 0.022222
90 94 0.011494
90 95 0.031250
90 96 0.029412
90 97 0.014493
90 98 0.014286
90 99 0.010417
90 1 0.013158
91 92 0.029412
91 93 0.100000
91 94 0.017857
91 95 0.071429
91 96 0.011111
91 97 0.012987
91 98 0.010417
91 99 0.032258
91 1 0.050000
91 2 0.050000
92 93 0.014706
92 94 0.016949
92 95 0.055556
92 96 0.010204
92 97 0.018519
92 98 0.017857
92 99 0.045455
92 1 0.032258
92 2 0.066667
92 3 0.066667
93 94 0.076923
93 95 0.026316
93 96 0.050000
93 97 0.016949
93 98 0.038462
93 99 0.018868
93 1 0.010753
93 2 0.010526
93 3 0.043478
93 4 0.011111
94 95 0.013889
94 96 0.017241
94 97 0.034483
94 98 0.013889
94 99 0.011111
94 1 0.166667
94 2 0.014493
94 3 0.045455
94 4 0.038462
94 5 0.011111
95 96 0.010989
95 97 0.011628
95 98 0.125000
95 99 0.011236
95 1 0.025000
95 2 0.015385
95 3 0.090909
95 4 0.014085
95 5 0.012500
95 6 0.037037
96 97 0.011765
96 98 0.052632
96 99 0.020833
96 1 0.022727
96 2 0.022222
96 3 1.000000
96 4 0.027027
96 5 0.024390
96 6 0.040000
96 7 0.037037
97 98 0.071429
97 99 0.012048
97 1 0.035714
97 2 0.023256
97 3 0.017857
97 4 0.052632
97 5 0.020000
97 6 0.038462
97 7 0.024390
97 8 0.013158
98 99 0.062500
98 1 0.031250
98 2 0.015873
98 3 0.040000
98 4 0.045455
98 5 0.333333
98 6 0.011111
98 7 0.029412
98 8 0.013333
98 9 0.014085
99 1 0.016393
99 2 0.016667
99 3 0.011111
99 4 0.100000
99 5 0.200000
99 6 0.027778
99 7 0.090909
99 8 0.023810
99 9 0.012821
99 10 0.027027
