0 1 0.016129
0 2 0.043478
1 2 0.043478
1 3 0.038462
2 3 0.013699
2 4 0.333333
3 4 0.045455
3 5 0.016667
4 5 0.023256
4 6 0.015873
5 6 0.018182
5 7 0.062500
6 7 0.052632
6 8 0.090909
7 8 0.025641
7 9 0.032258
8 9 0.010417
8 10 0.058824
9 10 0.083333
9 11 0.035714
10 11 0.200000
10 12 0.015625
11 12 0.010309
11 13 0.019231
12 13 0.083333
12 14 0.034483
13 14 0.011236
13 15 0.015152
14 15 0.012048
14 16 0.142857
15 16 0.071429
15 17 0.022222
16 17 0.033333
16 18 0.027027
17 18 0.014085
17 19 0.250000
18 19 0.025000
18 20 0.010753
19 20 0.015625
19 21 0.011905
20 21 0.017544
20 22 0.052632
21 22 0.012987
21 23 0.032258
22 23 0.025641
22 24 0.125000
23 24 0.037037
23 25 0.017544
24 25 0.047619
24 26 0.018182
25 26 0.015873
25 27 0.011628
26 27 0.018868
26 28 0.066667
27 28 0.010204
27 29 0.012195
28 29 0.250000
28 30 0.015385
29 30 0.015385
29 31 0.090909
30 31 0.012658
30 32 0.100000
31 32 0.023810
31 33 0.058824
32 33 0.012195
32 34 0.021739
33 34 0.017241
33 35 0.013158
34 35 0.090909
34 36 0.023810
35 36 0.029412
35 37 0.032258
36 37 0.023810
36 38 0.090909
37 38 0.016129
37 39 0.012195
38 39 0.052632
38 40 0.011111
39 40 0.025641
39 41 0.024390
40 41 0.021739
40 42 0.500000
41 42 0.037037
41 43 0.010101
42 43 0.055556
42 44 0.038462
43 44 0.012346
43 45 0.045455
44 45 0.010989
44 46 0.021277
45 46 0.029412
45 47 0.014085
46 47 0.017544
46 48 0.012987
47 48 0.011364
47 49 0.025000
48 49 0.043478
48 50 0.021739
49 50 0.058824
49 51 0.028571
50 51 0.011236
50 52 0.019608
51 52 0.015152
51 53 0.032258
52 53 0.015873
52 54 0.034483
53 54 0.071429
53 55 0.012048
54 55 0.050000
54 56 0.018519
55 56 0.041667
55 57 0.015152
56 57 0.017544
56 58 0.019231
57 58 0.015385
57 59 0.013333
58 59 0.012821
58 60 0.021277
59 60 0.010204
59 61 0.014286
60 61 0.010638
60 62 0.031250
61 62 0.024390
61 63 0.019231
62 63 0.111111
62 64 0.033333
63 64 0.010753
63 65 0.030303
64 65 0.012987
64 66 0.100000
65 66 0.014706
65 67 0.015152
66 67 0.016129
66 68 0.028571
67 68 0.010204
67 69 0.040000
68 69 0.015385
68 70 0.083333
69 70 0.111111
69 71 0.011765
70 71 0.015152
70 72 0.030303
71 72 0.019231
71 73 0.043478
72 73 0.011765
72 74 0.055556
73 74 0.010101
73 75 0.015625
74 75 0.015385
74 76 0.010309
75 76 0.029412
75 77 0.016667
76 77 0.033333
76 78 0.013158
77 78 0.083333
77 79 0.025641
78 79 0.166667
78 80 0.166667
79 80 0.013699
79 81 0.012048
80 81 0.062500
80 82 0.023810
81 82 0.020408
81 83 0.012658
82 83 0.012821
82 84 0.021277
83 84 0.200000
83 85 0.023256
84 85 0.016949
84 86 0.071429
85 86 0.034483
85 87 0.038462
86 87 0.020833
86 88 0.012346
87 88 0.020000
87 89 0.029412
88 89 0.010101
88 90 0.020408
89 90 0.010204
89 91 0.015385
90 91 0.021739
90 92 0.030303
91 92 0.040000
91 93 0.012987
92 93 0.111111
92 94 0.026316
93 94 0.062500
93 95 0.066667
94 95 0.022727
94 96 0.011111
95 96 0.010204
95 97 0.016393
96 97 0.031250
96 98 0.021277
97 98 0.025000
97 99 0.090909
98 99 0.010526
98 1 0.021739
99 1 0.018182
99 2 0.018519
