0 1 0.026316
0 2 1.000000
0 3 0.010753
1 2 0.016393
1 3 0.033333
1 4 0.014286
2 3 0.017241
2 4 0.500000
2 5 0.013699
3 4 0.037037
3 5 0.025000
3 6 0.066667
4 5 0.018519
4 6 0.018868
4 7 0.111111
5 6 0.012195
5 7 0.014493
5 8 0.010526
6 7 0.012821
6 8 0.035714
6 9 0.013514
7 8 0.023810
7 9 0.010204
7 10 0.038462
8 9 0.071429
8 10 0.018519
8 11 0.015152
9 10 0.010989
9 11 0.037037
9 12 0.050000
10 11 0.010417
10 12 0.015152
10 13 0.045455
11 12 0.011236
11 13 0.037037
11 14 0.019231
12 13 0.016667
12 14 0.011765
12 15 0.018519
13 14 0.029412
13 15 0.076923
13 16 0.010526
14 15 0.020000
14 16 0.014706
14 17 0.020833
15 16 0.016949
15 17 0.019608
15 18 0.055556
16 17 0.018182
16 18 0.034483
16 19 0.021739
17 18 0.033333
17 19 0.014085
17 20 0.022222
18 19 0.017857
18 20 0.011765
18 21 0.010101
19 20 0.043478
19 21 0.012987
19 22 0.037037
20 21 0.023256
20 22 0.013514
20 23 0.010753
21 22 0.015152
21 23 0.015873
21 24 0.050000
22 23 0.055556
22 24 0.041667
22 25 0.166667
23 24 0.013699
23 25 0.017241
23 26 0.052632
24 25 0.014706
24 26 0.125000
24 27 0.011494
25 26 0.058824
25 27 0.014706
25 28 0.026316
26 27 0.027778
26 28 0.043478
26 29 0.014706
27 28 0.012195
27 29 0.018868
27 30 0.025000
28 29 0.037037
28 30 0.100000
28 31 0.038462
29 30 0.037037
29 31 0.030303
29 32 0.250000
30 31 0.018519
30 32 0.012987
30 33 0.012821
31 32 0.021277
31 33 0.023256
31 34 0.023810
32 33 0.014706
32 34 0.016393
32 35 0.015152
33 34 0.013333
33 35 0.028571
33 36 0.041667
34 35 0.010638
34 36 0.333333
34 37 0.030303
35 36 0.012195
35 37 0.047619
35 38 1.000000
36 37 0.047619
36 38 0.017544
36 39 0.041667
37 38 0.011236
37 39 0.025641
37 40 0.012821
38 39 0.033333
38 40 0.014925
38 41 0.011364
39 40 0.017857
39 41 0.010638
39 42 0.045455
40 41 0.016667
40 42 0.020408
40 43 0.010101
41 42 0.026316
41 43 0.010309
41 44 0.023256
42 43 0.012500
42 44 0.015152
42 45 0.200000
43 44 0.021277
43 45 0.024390
43 46 0.025000
44 45 0.014085
44 46 0.028571
44 47 0.022727
45 46 0.250000
45 47 0.055556
45 48 0.015385
46 47 0.166667
46 48 0.025641
46 49 0.043478
47 48 0.033333
47 49 0.035714
47 50 0.015873
48 49 0.125000
48 50 0.016949
48 51 0.032258
49 50 0.010309
49 51 0.066667
49 52 0.038462
50 51 0.052632
50 52 0.013158
50 53 0.013333
51 52 0.052632
51 53 0.066667
51 54 0.013699
52 53 0.016129
52 54 0.010417
52 55 0.025641
53 54 0.014925
53 55 0.023256
53 56 0.012500
54 55 0.125000
54 56 0.066667
54 57 0.062500
55 56 0.019231
55 57 0.050000
55 58 0.029412
56 57 0.055556
56 58 0.038462
56 59 0.013699
57 58 0.023810
57 59 0.017544
57 60 0.500000
58 59 0.200000
58 60 0.015152
58 61 0.016393
59 60 0.027778
59 61 0.015873
59 62 0.012987
60 61 0.016129
60 62 0.012195
60 63 0.018868
61 62 0.026316
61 63 1.000000
61 64 0.014493
62 63 0.090909
62 64 0.015625
62 65 0.015152
63 64 0.020000
63 65 0.032258
63 66 0.111111
64 65 0.033333
64 66 0.025000
64 67 0.040000
65 66 0.021739
65 67 0.010870
65 68 0.022222
66 67 0.012500
66 68 0.090909
66 69 0.013889
67 68 0.018519
67 69 0.018868
67 70 0.034483
68 69 0.017857
68 70 0.017241
68 71 0.010526
69 70 0.055556
69 71 0.010526
69 72 0.016949
70 71 0.010526
70 72 0.017544
70 73 0.024390
71 72 0.020408
71 73 0.010417
71 74 0.023256
72 73 0.055556
72 74 0.142857
72 75 0.142857
73 74 0.011905
73 75 0.017544
73 76 0.025641
74 75 0.010638
74 76 0.011364
74 77 0.012658
75 76 0.052632
75 77 0.028571
75 78 0.013889
76 77 0.015385
76 78 0.062500
76 79 0.012048
77 78 0.026316
77 79 0.014286
77 80 0.027778
78 79 0.014925
78 80 0.037037
78 81 0.010638
79 80 0.015873
79 81 0.022222
79 82 0.011111
80 81 0.043478
80 82 0.024390
80 83 0.021277
81 82 0.015625
81 83 0.011111
81 84 0.023256
82 83 0.125000
82 84 0.111111
82 85 0.019608
83 84 0.062500
83 85 0.010753
83 86 0.111111
84 85 0.018182
84 86 0.011364
84 87 0.010309
85 86 0.028571
85 87 0.125000
85 88 0.030303
86 87 0.142857
86 88 0.013514
86 89 0.020408
87 88 0.010989
87 89 0.083333
87 90 0.050000
88 89 0.037037
88 90 0.012500
88 91 0.020833
89 90 0.045455
89 91 0.022727
89 92 0.010753
90 91 0.083333
90 92 0.014925
90 93 0.029412
91 92 0.016667
91 93 0.031250
91 94 0.040000
92 93 0.250000
92 94 0.025000
92 95 0.029412
93 94 0.018182
93 95 0.017544
93 96 0.035714
94 95 0.015625
94 96 0.076923
94 97 0.062500
95 96 0.016129
95 97 0.020833
95 98 0.040000
96 97 0.010417
96 98 0.017857
96 99 0.010101
97 98 0.021739
97 99 0.021277
97 1 0.090909
98 99 0.015152
98 1 0.013514
98 2 0.010989
99 1 0.066667
99 2 0.010309
99 3 0.028571
