0 1 0.083333
0 2 0.010638
0 3 0.016393
0 4 0.013699
0 5 0.022222
1 2 0.014493
1 3 0.034483
1 4 0.025641
1 5 0.010417
2 3 1.000000
2 4 0.011236
2 5 0.011111
2 6 0.076923
2 7 0.015873
3 4 0.020000
3 5 0.023256
3 6 0.014085
3 7 0.020833
4 5 0.100000
4 6 1.000000
4 7 0.010417
4 8 0.045455
4 9 0.029412
5 6 0.045455
5 7 0.010989
5 8 0.010753
5 9 0.125000
6 7 0.016129
6 8 0.010526
6 9 0.018868
6 10 0.011765
6 11 0.125000
7 8 0.021277
7 9 0.021277
7 10 0.012346
7 11 0.010870
8 9 0.062500
8 10 0.090909
8 11 0.032258
8 12 0.083333
8 13 0.076923
9 10 0.047619
9 11 0.333333
9 12 0.038462
9 13 0.011765
10 11 0.018868
10 12 0.014286
10 13 0.017544
10 14 0.500000
10 15 0.012346
11 12 0.017241
11 13 0.010204
11 14 0.333333
11 15 0.010753
12 13 0.047619
12 14 0.010526
12 15 0.011628
12 16 0.034483
12 17 0.017241
13 14 0.012195
13 15 0.012048
13 16 0.022727
13 17 0.010989
14 15 0.033333
14 16 0.010989
14 17 0.013889
14 18 0.043478
14 19 0.142857
15 16 0.011905
15 17 0.018182
15 18 0.050000
15 19 0.010309
16 17 0.012987
16 18 0.043478
16 19 0.041667
16 20 0.016129
16 21 0.012987
17 18 0.010526
17 19 0.052632
17 20 0.012658
17 21 0.013158
18 19 0.012821
18 20 0.012821
18 21 0.012500
18 22 0.014085
18 23 0.010101
19 20 0.013158
19 21 0.017241
19 22 0.034483
19 23 0.029412
20 21 0.024390
20 22 0.083333
20 23 0.012658
20 24 0.031250
20 25 0.023810
21 22 0.014286
21 23 0.200000
21 24 0.015152
21 25 0.012987
22 23 0.011236
22 24 0.047619
22 25 0.010204
22 26 0.011494
22 27 0.010204
23 24 0.045455
23 25 0.090909
23 26 0.016393
23 27 0.010101
24 25 0.166667
24 26 0.012346
24 27 0.012658
24 28 0.012048
24 29 0.016949
25 26 0.017544
25 27 0.015625
25 28 0.032258
25 29 0.017857
26 27 0.025000
26 28 0.011236
26 29 0.011765
26 30 0.013333
26 31 0.033333
27 28 0.010309
27 29 0.018519
27 30 0.015873
27 31 0.025000
28 29 0.041667
28 30 0.014706
28 31 0.166667
28 32 0.500000
28 33 0.017544
29 30 0.035714
29 31 1.000000
29 32 0.022727
29 33 0.038462
30 31 0.043478
30 32 0.017857
30 33 0.011364
30 34 0.045455
30 35 0.016129
31 32 0.014493
31 33 0.500000
31 34 0.021739
31 35 0.034483
32 33 0.016949
32 34 0.100000
32 35 0.016667
32 36 0.066667
32 37 0.020000
33 34 0.020000
33 35 1.000000
33 36 0.038462
33 37 0.012500
34 35 0.010101
34 36 0.012500
34 37 0.022727
34 38 0.025000
34 39 0.200000
35 36 0.083333
35 37 0.021739
35 38 0.125000
35 39 0.014286
36 37 0.013333
36 38 0.111111
36 39 0.071429
36 40 1.000000
36 41 0.031250
37 38 0.014085
37 39 0.011236
37 40 0.018182
37 41 0.030303
38 39 0.016949
38 40 0.017544
38 41 0.012500
38 42 0.011364
38 43 0.062500
39 40 0.011111
39 41 0.020408
39 42 0.031250
39 43 0.024390
40 41 0.010101
40 42 0.029412
40 43 0.014925
40 44 0.012500
40 45 0.030303
41 42 0.021277
41 43 0.041667
41 44 0.013699
41 45 0.019231
42 43 0.027027
42 44 0.050000
42 45 0.016667
42 46 0.142857
42 47 0.010526
43 44 0.014286
43 45 0.047619
43 46 0.010309
43 47 0.500000
44 45 0.010753
44 46 0.011494
44 47 0.017241
44 48 0.038462
44 49 0.021739
45 46 0.066667
45 47 0.166667
45 48 0.028571
45 49 0.031250
46 47 0.010309
46 48 0.011765
46 49 0.015625
46 50 0.026316
46 51 0.011905
47 48 0.010204
47 49 0.200000
47 50 0.015385
47 51 0.031250
48 49 0.019231
48 50 0.011111
48 51 0.200000
48 52 0.200000
48 53 0.037037
49 50 0.038462
49 51 0.015152
49 52 0.029412
49 53 0.047619
50 51 0.027778
50 52 0.017857
50 53 0.052632
50 54 0.025641
50 55 0.020408
51 52 0.166667
51 53 0.010309
51 54 0.013158
51 55 0.019231
52 53 0.083333
52 54 0.012048
52 55 0.011364
52 56 0.022727
52 57 0.012500
53 54 0.013699
53 55 0.111111
53 56 0.055556
53 57 0.017241
54 55 0.125000
54 56 0.043478
54 57 0.043478
54 58 0.025000
54 59 0.013158
55 56 0.076923
55 57 0.021739
55 58 0.012195
55 59 0.025000
56 57 0.013889
56 58 0.020833
56 59 0.013514
56 60 0.010638
56 61 0.011905
57 58 0.033333
57 59 0.076923
57 60 0.043478
57 61 0.012500
58 59 0.052632
58 60 0.047619
58 61 0.017857
58 62 0.013889
58 63 0.030303
59 60 0.025641
59 61 0.016667
59 62 0.012821
59 63 0.052632
60 61 0.029412
60 62 0.011364
60 63 0.027027
60 64 0.010870
60 65 0.010309
61 62 0.016393
61 63 0.066667
61 64 0.027027
61 65 0.026316
62 63 0.034483
62 64 0.011905
62 65 0.050000
62 66 0.014493
62 67 0.017544
63 64 0.014706
63 65 0.022727
63 66 0.019231
63 67 0.018868
64 65 0.013333
64 66 0.015385
64 67 0.012987
64 68 0.018182
64 69 0.011765
65 66 0.010204
65 67 0.090909
65 68 0.017241
65 69 0.031250
66 67 0.019608
66 68 0.055556
66 69 0.090909
66 70 0.014286
66 71 0.019231
67 68 0.010101
67 69 0.125000
67 70 0.022222
67 71 0.010417
68 69 0.014286
68 70 0.016667
68 71 0.029412
68 72 0.125000
68 73 0.011236
69 70 0.052632
69 71 0.035714
69 72 0.016949
69 73 0.013158
70 71 0.010309
70 72 0.333333
70 73 0.035714
70 74 0.020000
70 75 0.012658
71 72 0.010638
71 73 0.035714
71 74 0.029412
71 75 0.012658
72 73 0.038462
72 74 0.021739
72 75 0.027027
72 76 0.016949
72 77 0.010309
73 74 0.017857
73 75 0.014286
73 76 0.014706
73 77 0.111111
74 75 0.014286
74 76 0.012987
74 77 0.018519
74 78 0.015152
74 79 0.021277
75 76 0.066667
75 77 1.000000
75 78 0.017857
75 79 0.200000
76 77 0.050000
76 78 0.011765
76 79 0.015625
76 80 0.010309
76 81 0.012195
77 78 0.014706
77 79 0.040000
77 80 0.030303
77 81 0.021277
78 79 0.052632
78 80 0.016393
78 81 0.012195
78 82 0.010101
78 83 0.011364
79 80 0.035714
79 81 0.027027
79 82 0.021277
79 83 0.038462
80 81 0.010638
80 82 0.058824
80 83 0.010526
80 84 0.250000
80 85 0.011494
81 82 0.013889
81 83 0.016949
81 84 0.018519
81 85 0.050000
82 83 0.013514
82 84 0.017857
82 85 0.013158
82 86 0.012500
82 87 0.012987
83 84 0.016129
83 85 0.022727
83 86 0.013514
83 87 0.022727
84 85 0.076923
84 86 0.012821
84 87 0.016667
84 88 0.050000
84 89 0.025000
85 86 0.023256
85 87 0.052632
85 88 0.035714
85 89 0.013889
86 87 0.017544
86 88 0.013158
86 89 0.010204
86 90 0.019231
86 91 0.010638
87 88 0.010638
87 89 0.017857
87 90 0.012195
87 91 0.014925
88 89 0.066667
88 90 0.027027
88 91 0.011494
88 92 0.011111
88 93 0.010638
89 90 0.015625
89 91 0.014286
89 92 0.014085
89 93 0.038462
90 91 0.066667
90 92 0.022222
90 93 0.014085
90 94 0.035714
90 95 0.021739
91 92 0.020000
91 93 0.011236
91 94 0.015152
91 95 0.011111
92 93 0.031250
92 94 0.011628
92 95 0.052632
92 96 0.250000
92 97 0.023256
93 94 0.010417
93 95 0.333333
93 96 0.010526
93 97 0.011111
94 95 0.010309
94 96 0.019608
94 97 0.013699
94 98 0.015385
94 99 0.014925
95 96 0.100000
95 97 0.018868
95 98 0.017241
95 99 0.250000
96 97 0.058824
96 98 0.035714
96 99 0.013333
96 1 0.022727
96 2 0.022727
97 98 0.047619
97 99 0.062500
97 1 0.013889
97 2 0.014706
98 99 0.015152
98 1 0.016129
98 2 0.029412
98 3 0.017544
98 4 0.010638
99 1 0.050000
99 2 0.012987
99 3 0.010101
99 4 0.015625
