0 1 0.083333
0 2 1.000000
0 3 0.026316
0 4 0.010417
1 2 0.012987
1 3 0.012987
1 4 0.027027
1 5 0.033333
2 3 0.013333
2 4 0.047619
2 5 0.090909
2 6 0.027027
3 4 0.038462
3 5 0.047619
3 6 0.011364
3 7 0.026316
4 5 0.011765
4 6 0.019231
4 7 0.047619
4 8 0.010204
5 6 0.025641
5 7 0.025641
5 8 0.015873
5 9 0.012987
6 7 0.011236
6 8 0.250000
6 9 0.021739
6 10 0.011364
7 8 0.011494
7 9 0.011364
7 10 0.016667
7 11 0.010101
8 9 0.011111
8 10 0.010204
8 11 0.010417
8 12 0.014925
9 10 0.013158
9 11 0.029412
9 12 0.010204
9 13 0.019608
10 11 0.018182
10 12 0.111111
10 13 0.011236
10 14 0.012346
11 12 0.033333
11 13 0.012987
11 14 0.050000
11 15 0.062500
12 13 0.034483
12 14 0.023810
12 15 0.071429
12 16 0.014706
13 14 0.012346
13 15 0.012987
13 16 0.021739
13 17 0.014085
14 15 0.012195
14 16 0.010753
14 17 0.016667
14 18 0.014493
15 16 0.012195
15 17 0.050000
15 18 0.014493
15 19 0.013889
16 17 0.052632
16 18 0.015385
16 19 0.025000
16 20 0.010526
17 18 0.010101
17 19 0.026316
17 20 0.021277
17 21 0.018182
18 19 0.021277
18 20 0.027778
18 21 0.027027
18 22 0.012987
19 20 0.071429
19 21 0.017544
19 22 0.010638
19 23 0.022727
20 21 0.010101
20 22 0.125000
20 23 0.076923
20 24 0.012346
21 22 0.011628
21 23 0.016667
21 24 0.018868
21 25 0.014706
22 23 0.018868
22 24 0.071429
22 25 0.026316
22 26 0.028571
23 24 0.029412
23 25 0.142857
23 26 0.142857
23 27 0.018519
24 25 0.013699
24 26 0.020833
24 27 0.020408
24 28 0.013699
25 26 0.011628
25 27 0.010309
25 28 0.035714
25 29 0.030303
26 27 0.029412
26 28 0.015385
26 29 0.090909
26 30 0.020833
27 28 0.043478
27 29 0.200000
27 30 0.010870
27 31 0.043478
28 29 0.071429
28 30 0.200000
28 31 0.250000
28 32 0.015385
29 30 0.017241
29 31 0.014493
29 32 0.052632
29 33 0.013889
30 31 0.142857
30 32 0.018519
30 33 0.142857
30 34 0.071429
31 32 0.016129
31 33 0.016393
31 34 0.011364
31 35 0.100000
32 33 0.090909
32 34 0.016393
32 35 0.010309
32 36 0.111111
33 34 0.011236
33 35 0.033333
33 36 0.023256
33 37 0.018519
34 35 0.023810
34 36 0.010870
34 37 0.012987
34 38 0.020833
35 36 0.011765
35 37 0.016129
35 38 0.010989
35 39 0.200000
36 37 0.016129
36 38 0.017544
36 39 0.015625
36 40 0.031250
37 38 0.013158
37 39 0.027027
37 40 0.025641
37 41 0.032258
38 39 0.022727
38 40 0.018519
38 41 0.010638
38 42 0.166667
39 40 0.023810
39 41 0.250000
39 42 0.055556
39 43 0.333333
40 41 0.500000
40 42 0.035714
40 43 0.010753
40 44 0.031250
41 42 0.014085
41 43 0.021277
41 44 0.013333
41 45 0.015625
42 43 0.040000
42 44 0.043478
42 45 0.020408
42 46 0.038462
43 44 0.011765
43 45 0.024390
43 46 0.032258
43 47 0.020833
44 45 0.010204
44 46 0.010417
44 47 0.012500
44 48 0.013333
45 46 0.030303
45 47 0.050000
45 48 0.166667
45 49 0.012821
46 47 0.013333
46 48 0.011905
46 49 0.058824
46 50 0.200000
47 48 0.333333
47 49 0.047619
47 50 0.142857
47 51 0.032258
48 49 0.066667
48 50 0.025000
48 51 0.333333
48 52 0.016129
49 50 0.066667
49 51 0.014706
49 52 0.011364
49 53 0.025641
50 51 0.058824
50 52 0.071429
50 53 0.041667
50 54 0.016949
51 52 0.021739
51 53 0.013699
51 54 0.017544
51 55 0.023810
52 53 0.018868
52 54 0.030303
52 55 0.013333
52 56 0.013514
53 54 0.025641
53 55 0.018868
53 56 0.020408
53 57 0.025000
54 55 0.026316
54 56 0.014925
54 57 0.021739
54 58 0.023810
55 56 0.011236
55 57 0.018519
55 58 0.013699
55 59 0.250000
56 57 0.010638
56 58 0.012987
56 59 0.014925
56 60 0.100000
57 58 0.022222
57 59 0.018182
57 60 0.020408
57 61 0.015873
58 59 0.014286
58 60 0.013699
58 61 0.045455
58 62 0.062500
59 60 0.021277
59 61 0.012500
59 62 0.017241
59 63 0.076923
60 61 0.029412
60 62 0.013333
60 63 0.018868
60 64 0.011494
61 62 0.041667
61 63 0.010753
61 64 0.038462
61 65 0.010989
62 63 0.025641
62 64 0.014706
62 65 0.012346
62 66 0.010753
63 64 0.023810
63 65 0.011765
63 66 0.011364
63 67 0.052632
64 65 0.019231
64 66 0.010204
64 67 0.015625
64 68 0.125000
65 66 0.020833
65 67 0.037037
65 68 0.012821
65 69 0.045455
66 67 0.020000
66 68 0.010638
66 69 0.014493
66 70 0.033333
67 68 0.018868
67 69 0.014286
67 70 0.022727
67 71 0.011494
68 69 0.022222
68 70 0.010309
68 71 0.013333
68 72 0.014493
69 70 0.010989
69 71 0.500000
69 72 0.016393
69 73 0.033333
70 71 0.014286
70 72 0.023810
70 73 0.041667
70 74 0.083333
71 72 0.035714
71 73 0.076923
71 74 0.031250
71 75 0.012346
72 73 0.083333
72 74 0.010309
72 75 0.011236
72 76 0.016667
73 74 0.040000
73 75 0.014706
73 76 0.012195
73 77 0.013333
74 75 0.015873
74 76 0.019608
74 77 0.166667
74 78 0.058824
75 76 0.045455
75 77 0.020000
75 78 0.200000
75 79 0.014925
76 77 0.020833
76 78 0.012500
76 79 0.027027
76 80 0.025641
77 78 0.012048
77 79 0.010204
77 80 0.014493
77 81 0.018519
78 79 0.024390
78 80 0.010638
78 81 0.014925
78 82 0.014286
79 80 0.142857
79 81 0.010101
79 82 0.019608
79 83 0.052632
80 81 0.010417
80 82 0.024390
80 83 0.012500
80 84 0.047619
81 82 0.111111
81 83 0.016129
81 84 0.010309
81 85 0.013699
82 83 0.071429
82 84 0.333333
82 85 0.011111
82 86 0.027778
83 84 0.018519
83 85 0.010526
83 86 0.250000
83 87 0.500000
84 85 0.013158
84 86 0.024390
84 87 0.024390
84 88 0.016949
85 86 0.025641
85 87 0.090909
85 88 0.076923
85 89 0.012346
86 87 0.166667
86 88 0.012500
86 89 0.019231
86 90 0.071429
87 88 0.012658
87 89 0.333333
87 90 0.029412
87 91 0.013158
88 89 0.022222
88 90 0.071429
88 91 0.010204
88 92 0.018182
89 90 0.012987
89 91 0.010526
89 92 0.035714
89 93 0.010870
90 91 0.010101
90 92 0.052632
90 93 0.035714
90 94 0.018519
91 92 0.071429
91 93 0.031250
91 94 0.017544
91 95 0.011111
92 93 0.013514
92 94 0.010204
92 95 0.020000
92 96 0.071429
93 94 0.100000
93 95 0.015873
93 96 0.010526
93 97 0.058824
94 95 0.022727
94 96 0.020833
94 97 0.032258
94 98 0.041667
95 96 0.019231
95 97 0.015152
95 98 0.010309
95 99 0.012500
96 97 0.010101
96 98 0.018868
96 99 0.017241
96 1 0.010638
97 98 0.012346
97 99 0.020000
97 1 0.010638
97 2 0.012658
98 99 0.020833
98 1 0.066667
98 2 0.083333
98 3 0.166667
99 1 0.200000
99 2 0.011628
99 3 0.250000
99 4 0.018182
