0 1 0.071429
0 2 0.033333
0 3 0.015873
0 4 0.010526
0 5 0.011765
1 2 0.027027
1 3 0.023256
1 4 0.022727
1 5 0.018519
1 6 0.011111
2 3 0.013333
2 4 0.015625
2 5 0.011236
2 6 0.022727
2 7 0.035714
3 4 0.012048
3 5 0.010989
3 6 0.013699
3 7 0.010753
3 8 0.013158
4 5 0.023810
4 6 0.058824
4 7 0.010101
4 8 0.020408
4 9 0.076923
5 6 0.012987
5 7 0.023810
5 8 0.015385
5 9 0.014493
5 10 0.012346
6 7 0.013158
6 8 0.011905
6 9 0.090909
6 10 0.025641
6 11 0.012658
7 8 0.010309
7 9 0.012987
7 10 0.043478
7 11 0.024390
7 12 0.032258
8 9 0.071429
8 10 0.058824
8 11 0.010417
8 12 0.333333
8 13 0.016393
9 10 0.041667
9 11 0.011494
9 12 0.019231
9 13 0.010204
9 14 0.012346
10 11 0.034483
10 12 0.024390
10 13 0.010101
10 14 0.035714
10 15 0.010989
11 12 0.076923
11 13 0.166667
11 14 0.030303
11 15 0.012821
11 16 0.013333
12 13 0.066667
12 14 0.018182
12 15 0.016949
12 16 0.037037
12 17 0.010638
13 14 0.025641
13 15 0.041667
13 16 0.013889
13 17 0.015873
13 18 0.015152
14 15 0.333333
14 16 0.012987
14 17 0.012048
14 18 0.012346
14 19 0.022727
15 16 0.041667
15 17 0.014706
15 18 0.010309
15 19 0.043478
15 20 0.020000
16 17 0.037037
16 18 0.015625
16 19 0.020408
16 20 0.018182
16 21 0.018182
17 18 0.016129
17 19 0.016129
17 20 0.011236
17 21 0.024390
17 22 0.027027
18 19 0.200000
18 20 0.010417
18 21 0.010309
18 22 0.031250
18 23 0.010989
19 20 0.027027
19 21 0.017857
19 22 0.015873
19 23 0.043478
19 24 0.014925
20 21 0.012821
20 22 0.166667
20 23 0.014925
20 24 0.016949
20 25 0.019608
21 22 0.010870
21 23 0.035714
21 24 0.020408
21 25 0.066667
21 26 0.012658
22 23 0.013158
22 24 0.012500
22 25 0.035714
22 26 0.031250
22 27 0.028571
23 24 0.010989
23 25 0.010638
23 26 0.040000
23 27 0.031250
23 28 0.031250
24 25 0.033333
24 26 0.034483
24 27 0.033333
24 28 0.016129
24 29 0.047619
25 26 0.014925
25 27 0.052632
25 28 0.011765
25 29 0.014706
25 30 0.023810
26 27 0.019231
26 28 0.021739
26 29 0.020833
26 30 0.050000
26 31 0.166667
27 28 0.083333
27 29 0.028571
27 30 0.020408
27 31 0.035714
27 32 0.071429
28 29 0.038462
28 30 0.125000
28 31 0.023256
28 32 0.017241
28 33 0.022727
29 30 0.029412
29 31 0.018868
29 32 0.014493
29 33 0.014925
29 34 0.011765
30 31 0.010309
30 32 0.066667
30 33 0.016129
30 34 0.052632
30 35 0.012048
31 32 0.012195
31 33 0.250000
31 34 0.019231
31 35 0.040000
31 36 0.017544
32 33 0.010204
32 34 0.013514
32 35 0.012987
32 36 0.200000
32 37 0.013514
33 34 0.011236
33 35 0.024390
33 36 0.041667
33 37 0.055556
33 38 0.017857
34 35 0.020000
34 36 0.038462
34 37 0.010101
34 38 0.125000
34 39 0.014085
35 36 0.029412
35 37 0.016129
35 38 0.025000
35 39 0.500000
35 40 0.021277
36 37 0.024390
36 38 0.010101
36 39 0.015873
36 40 0.250000
36 41 0.055556
37 38 0.021277
37 39 0.011628
37 40 0.043478
37 41 0.010101
37 42 0.090909
38 39 0.012500
38 40 0.010204
38 41 0.011765
38 42 0.017241
38 43 0.333333
39 40 0.016667
39 41 0.020833
39 42 0.022222
39 43 0.011905
39 44 0.015152
40 41 1.000000
40 42 0.029412
40 43 0.010753
40 44 1.000000
40 45 0.023256
41 42 0.015625
41 43 0.028571
41 44 0.200000
41 45 0.200000
41 46 0.027027
42 43 0.018868
42 44 0.021739
42 45 0.027027
42 46 0.058824
42 47 0.020000
43 44 0.017857
43 45 0.015625
43 46 0.027027
43 47 0.012500
43 48 0.015873
44 45 0.020833
44 46 0.016393
44 47 0.016393
44 48 0.029412
44 49 0.052632
45 46 0.015385
45 47 0.010638
45 48 0.014925
45 49 0.100000
45 50 0.012821
46 47 0.029412
46 48 0.083333
46 49 0.076923
46 50 0.037037
46 51 0.076923
47 48 0.017857
47 49 0.010989
47 50 0.020408
47 51 0.016129
47 52 0.010417
48 49 0.011494
48 50 0.066667
48 51 0.023810
48 52 0.040000
48 53 0.031250
49 50 0.010870
49 51 0.012346
49 52 0.010417
49 53 0.033333
49 54 0.016129
50 51 0.016667
50 52 0.012821
50 53 0.043478
50 54 0.045455
50 55 0.076923
51 52 0.023810
51 53 0.011494
51 54 0.142857
51 55 0.100000
51 56 0.010204
52 53 0.011628
52 54 0.022727
52 55 0.100000
52 56 0.010101
52 57 0.014085
53 54 0.041667
53 55 0.017857
53 56 0.016129
53 57 0.013699
53 58 0.055556
54 55 0.017241
54 56 0.016393
54 57 0.029412
54 58 1.000000
54 59 0.011628
55 56 0.015152
55 57 0.010638
55 58 0.014706
55 59 0.015873
55 60 0.041667
56 57 0.033333
56 58 0.041667
56 59 0.333333
56 60 0.018868
56 61 0.021739
57 58 0.062500
57 59 0.010417
57 60 0.030303
57 61 0.041667
57 62 0.166667
58 59 0.031250
58 60 0.090909
58 61 0.020000
58 62 0.023256
58 63 0.090909
59 60 0.045455
59 61 0.014925
59 62 0.014925
59 63 0.011905
59 64 0.024390
60 61 0.011765
60 62 0.023256
60 63 0.333333
60 64 0.052632
60 65 0.022727
61 62 0.011236
61 63 0.011628
61 64 0.026316
61 65 0.017241
61 66 0.020000
62 63 0.015873
62 64 0.011364
62 65 0.013514
62 66 0.015152
62 67 0.023810
63 64 0.050000
63 65 0.012048
63 66 0.025641
63 67 0.018519
63 68 0.142857
64 65 0.021739
64 66 0.011628
64 67 0.055556
64 68 0.010309
64 69 0.034483
65 66 0.034483
65 67 0.052632
65 68 0.010309
65 69 0.010309
65 70 0.333333
66 67 0.025641
66 68 0.012048
66 69 0.021277
66 70 0.023256
66 71 0.500000
67 68 0.010989
67 69 0.031250
67 70 0.011236
67 71 0.033333
67 72 0.010989
68 69 0.025641
68 70 0.010638
68 71 0.012500
68 72 0.076923
68 73 0.016667
69 70 0.043478
69 71 0.029412
69 72 0.023256
69 73 0.016129
69 74 0.011364
70 71 0.019608
70 72 0.125000
70 73 0.013333
70 74 0.014493
70 75 0.166667
71 72 0.200000
71 73 0.010101
71 74 0.040000
71 75 0.500000
71 76 0.010417
72 73 0.034483
72 74 0.023810
72 75 0.012658
72 76 0.013158
72 77 0.011628
73 74 0.012195
73 75 0.014706
73 76 0.052632
73 77 0.013889
73 78 0.010101
74 75 0.100000
74 76 0.090909
74 77 0.010753
74 78 0.011111
74 79 0.040000
75 76 0.018868
75 77 0.076923
75 78 0.016667
75 79 0.010309
75 80 0.013158
76 77 0.020833
76 78 0.020833
76 79 0.011765
76 80 0.043478
76 81 0.058824
77 78 0.010989
77 79 0.035714
77 80 0.058824
77 81 0.062500
77 82 0.032258
78 79 0.071429
78 80 0.021739
78 81 0.013514
78 82 0.010753
78 83 0.045455
79 80 0.016667
79 81 0.013158
79 82 0.010989
79 83 0.012658
79 84 0.020833
80 81 0.011111
80 82 0.011111
80 83 0.016667
80 84 0.012048
80 85 0.012500
81 82 0.011628
81 83 0.027778
81 84 0.010638
81 85 0.021739
81 86 0.030303
82 83 0.014085
82 84 0.010526
82 85 0.012195
82 86 0.017857
82 87 0.052632
83 84 0.020833
83 85 0.020833
83 86 0.058824
83 87 0.015385
83 88 0.012658
84 85 0.032258
84 86 0.090909
84 87 0.018519
84 88 0.040000
84 89 0.029412
85 86 0.066667
85 87 0.500000
85 88 0.040000
85 89 0.010526
85 90 0.020000
86 87 0.066667
86 88 0.011628
86 89 0.090909
86 90 0.010204
86 91 0.015152
87 88 0.010309
87 89 0.028571
87 90 0.016393
87 91 0.022727
87 92 0.014493
88 89 0.030303
88 90 0.025641
88 91 0.019608
88 92 0.011236
88 93 0.017241
89 90 0.019608
89 91 0.026316
89 92 0.166667
89 93 0.014493
89 94 0.333333
90 91 0.011628
90 92 0.066667
90 93 0.024390
90 94 0.038462
90 95 0.020408
91 92 0.017544
91 93 0.035714
91 94 0.013514
91 95 0.019231
91 96 0.012658
92 93 0.011111
92 94 0.026316
92 95 0.011111
92 96 0.011364
92 97 0.200000
93 94 0.011364
93 95 0.041667
93 96 0.014925
93 97 0.031250
93 98 0.010753
94 95 0.013889
94 96 0.022222
94 97 0.011111
94 98 0.033333
94 99 0.010309
95 96 0.035714
95 97 0.027027
95 98 0.015152
95 99 0.031250
95 1 0.041667
96 97 0.014925
96 98 0.021277
96 99 0.015385
96 1 0.010638
96 2 0.010417
97 98 0.045455
97 99 0.045455
97 1 0.014085
97 2 0.013333
97 3 1.000000
98 99 0.016393
98 1 0.071429
98 2 0.010870
98 3 0.020000
98 4 0.050000
99 1 0.012500
99 2 0.013514
99 3 0.011494
99 4 0.076923
99 5 0.014706
