0 1 0.071429
0 2 0.010417
0 3 0.011236
0 4 0.025641
0 5 0.010870
0 6 0.015385
1 2 0.090909
1 3 0.014493
1 4 0.010101
1 5 0.017857
1 6 0.011494
1 7 0.020833
2 3 0.013158
2 4 0.011236
2 5 0.050000
2 6 0.090909
2 7 0.018182
2 8 0.023810
3 4 0.027778
3 5 0.125000
3 6 0.041667
3 7 0.250000
3 8 0.018182
3 9 0.030303
4 5 0.010101
4 6 0.028571
4 7 0.022727
4 8 0.013889
4 9 0.011765
4 10 0.034483
5 6 0.020000
5 7 0.038462
5 8 0.025000
5 9 0.025641
5 10 0.052632
5 11 0.166667
6 7 0.020000
6 8 0.011364
6 9 0.200000
6 10 0.142857
6 11 0.013333
6 12 0.018519
7 8 0.011905
7 9 0.015385
7 10 0.013514
7 11 0.010526
7 12 0.047619
7 13 0.062500
8 9 0.032258
8 10 0.034483
8 11 0.024390
8 12 0.028571
8 13 0.011905
8 14 0.013514
9 10 0.028571
9 11 0.052632
9 12 0.052632
9 13 0.142857
9 14 0.200000
9 15 0.020408
10 11 0.017544
10 12 0.200000
10 13 0.013333
10 14 0.010204
10 15 0.022222
10 16 0.010638
11 12 0.250000
11 13 0.010526
11 14 0.012048
11 15 0.100000
11 16 0.333333
11 17 0.016949
12 13 0.015625
12 14 0.011494
12 15 0.041667
12 16 0.026316
12 17 0.012195
12 18 0.022222
13 14 0.018182
13 15 0.076923
13 16 0.013514
13 17 0.010417
13 18 0.020408
13 19 0.016949
14 15 0.014085
14 16 0.011905
14 17 0.012821
14 18 0.011111
14 19 0.010989
14 20 0.011905
15 16 0.025641
15 17 0.020408
15 18 0.011236
15 19 0.066667
15 20 0.021277
15 21 0.029412
16 17 0.111111
16 18 0.019608
16 19 0.033333
16 20 0.010753
16 21 0.016129
16 22 0.029412
17 18 0.019231
17 19 0.038462
17 20 0.047619
17 21 0.013158
17 22 0.015625
17 23 0.333333
18 19 0.047619
18 20 0.050000
18 21 0.058824
18 22 0.010417
18 23 0.062500
18 24 0.015152
19 20 0.018182
19 21 0.011494
19 22 0.020000
19 23 0.029412
19 24 0.012821
19 25 0.023810
20 21 0.055556
20 22 0.058824
20 23 0.010989
20 24 0.125000
20 25 0.030303
20 26 0.025641
21 22 0.023810
21 23 0.023810
21 24 0.010989
21 25 0.013699
21 26 0.028571
21 27 0.018868
22 23 0.142857
22 24 0.011364
22 25 0.012658
22 26 0.035714
22 27 0.015625
22 28 0.022727
23 24 0.031250
23 25 0.011628
23 26 0.015625
23 27 0.020408
23 28 0.012195
23 29 0.012346
24 25 0.062500
24 26 0.026316
24 27 0.014706
24 28 0.015152
24 29 0.013889
24 30 0.021277
25 26 0.125000
25 27 0.011111
25 28 0.015385
25 29 0.010204
25 30 0.010204
25 31 0.025641
26 27 0.024390
26 28 0.024390
26 29 0.033333
26 30 0.066667
26 31 0.012987
26 32 0.011905
27 28 0.043478
27 29 0.015385
27 30 0.015873
27 31 0.019231
27 32 0.034483
27 33 0.142857
28 29 0.011905
28 30 0.062500
28 31 0.013889
28 32 0.029412
28 33 0.010204
28 34 0.018868
29 30 0.020000
29 31 0.027027
29 32 0.045455
29 33 0.058824
29 34 0.111111
29 35 0.014493
30 31 0.038462
30 32 0.029412
30 33 0.038462
30 34 0.010101
30 35 0.030303
30 36 0.015152
31 32 0.024390
31 33 0.013514
31 34 0.010309
31 35 0.017857
31 36 0.019608
31 37 0.012346
32 33 0.012658
32 34 0.062500
32 35 0.022727
32 36 0.031250
32 37 0.021739
32 38 0.019231
33 34 0.062500
33 35 0.016129
33 36 0.040000
33 37 0.019608
33 38 0.016393
33 39 0.012821
34 35 0.500000
34 36 0.010101
34 37 0.052632
34 38 0.125000
34 39 0.014286
34 40 0.021739
35 36 0.111111
35 37 0.200000
35 38 0.013889
35 39 0.125000
35 40 0.026316
35 41 0.025641
36 37 0.020000
36 38 0.076923
36 39 0.027778
36 40 0.166667
36 41 0.015625
36 42 0.058824
37 38 0.011628
37 39 0.012346
37 40 0.016129
37 41 0.055556
37 42 0.035714
37 43 0.066667
38 39 0.028571
38 40 0.010989
38 41 0.025000
38 42 0.011494
38 43 0.018868
38 44 0.052632
39 40 0.011236
39 41 0.019231
39 42 0.050000
39 43 0.111111
39 44 0.016393
39 45 0.011111
40 41 0.018182
40 42 0.014286
40 43 0.010417
40 44 0.037037
40 45 0.012658
40 46 0.028571
41 42 0.015152
41 43 0.034483
41 44 0.020833
41 45 0.333333
41 46 0.027778
41 47 0.076923
42 43 0.047619
42 44 0.045455
42 45 0.010526
42 46 0.012048
42 47 0.024390
42 48 0.041667
43 44 0.010101
43 45 0.012987
43 46 0.066667
43 47 0.025641
43 48 0.015625
43 49 0.014706
44 45 0.017241
44 46 0.018868
44 47 0.050000
44 48 0.012821
44 49 0.015873
44 50 0.012346
45 46 0.014493
45 47 0.055556
45 48 0.019231
45 49 0.015152
45 50 0.021739
45 51 0.032258
46 47 1.000000
46 48 0.076923
46 49 0.016667
46 50 0.020000
46 51 0.062500
46 52 0.010417
47 48 0.015625
47 49 0.027027
47 50 0.052632
47 51 0.016667
47 52 0.047619
47 53 0.016393
48 49 0.011905
48 50 0.050000
48 51 0.026316
48 52 0.010101
48 53 0.016667
48 54 0.333333
49 50 0.014706
49 51 0.055556
49 52 0.017544
49 53 0.011236
49 54 0.010309
49 55 0.050000
50 51 0.014085
50 52 0.014925
50 53 0.026316
50 54 0.043478
50 55 0.029412
50 56 0.011765
51 52 0.018519
51 53 0.028571
51 54 0.010204
51 55 0.066667
51 56 0.011628
51 57 0.066667
52 53 0.083333
52 54 0.019608
52 55 0.019231
52 56 0.032258
52 57 0.090909
52 58 0.013514
53 54 0.010753
53 55 0.010417
53 56 0.010638
53 57 0.032258
53 58 0.010526
53 59 0.018519
54 55 0.029412
54 56 0.015625
54 57 0.013699
54 58 0.010870
54 59 0.018868
54 60 0.014085
55 56 0.083333
55 57 0.040000
55 58 0.025641
55 59 0.019608
55 60 0.020833
55 61 0.013699
56 57 0.027778
56 58 0.333333
56 59 0.111111
56 60 0.029412
56 61 0.055556
56 62 0.010526
57 58 0.020000
57 59 0.032258
57 60 0.021277
57 61 0.333333
57 62 0.016129
57 63 0.017241
58 59 0.012987
58 60 0.018182
58 61 0.018519
58 62 0.014085
58 63 0.011494
58 64 0.020000
59 60 0.038462
59 61 0.045455
59 62 0.066667
59 63 0.071429
59 64 0.014493
59 65 0.013889
60 61 0.037037
60 62 0.010638
60 63 0.090909
60 64 0.012821
60 65 0.023256
60 66 0.011905
61 62 0.071429
61 63 0.021739
61 64 0.010638
61 65 0.020408
61 66 0.015385
61 67 0.011111
62 63 0.010417
62 64 0.027027
62 65 0.333333
62 66 0.016949
62 67 0.010417
62 68 0.012500
63 64 0.066667
63 65 0.019608
63 66 0.019231
63 67 0.500000
63 68 0.500000
63 69 0.012658
64 65 0.040000
64 66 0.058824
64 67 0.012658
64 68 0.025641
64 69 0.011628
64 70 0.019608
65 66 0.014925
65 67 0.012346
65 68 0.015873
65 69 0.022222
65 70 0.041667
65 71 0.020833
66 67 0.016667
66 68 0.014286
66 69 0.023810
66 70 0.100000
66 71 0.027778
66 72 0.031250
67 68 0.100000
67 69 0.031250
67 70 0.014286
67 71 0.076923
67 72 0.010989
67 73 0.015152
68 69 0.010753
68 70 0.142857
68 71 0.058824
68 72 0.021739
68 73 0.111111
68 74 0.052632
69 70 0.040000
69 71 0.028571
69 72 0.027027
69 73 0.200000
69 74 0.013333
69 75 0.041667
70 71 0.017544
70 72 0.023810
70 73 0.200000
70 74 0.050000
70 75 0.011494
70 76 0.034483
71 72 0.014493
71 73 0.021277
71 74 0.010101
71 75 0.090909
71 76 0.017241
71 77 0.028571
72 73 0.022727
72 74 0.014706
72 75 0.014706
72 76 0.066667
72 77 0.012346
72 78 0.016667
73 74 0.012346
73 75 0.013333
73 76 0.014925
73 77 0.010101
73 78 0.047619
73 79 0.012987
74 75 0.052632
74 76 0.021739
74 77 0.083333
74 78 0.017544
74 79 0.019608
74 80 0.011494
75 76 0.012346
75 77 0.125000
75 78 0.033333
75 79 0.011628
75 80 0.034483
75 81 0.058824
76 77 0.066667
76 78 0.010204
76 79 0.015385
76 80 0.066667
76 81 0.100000
76 82 0.043478
77 78 0.019608
77 79 0.018182
77 80 0.010989
77 81 0.052632
77 82 0.014286
77 83 0.013699
78 79 0.012500
78 80 0.019231
78 81 0.020833
78 82 0.020833
78 83 0.019231
78 84 0.014286
79 80 0.040000
79 81 0.013889
79 82 0.058824
79 83 0.026316
79 84 0.034483
79 85 0.014706
80 81 0.038462
80 82 0.100000
80 83 0.012987
80 84 0.017857
80 85 0.010417
80 86 0.142857
81 82 0.013514
81 83 0.083333
81 84 0.200000
81 85 0.025641
81 86 0.037037
81 87 0.062500
82 83 0.015873
82 84 0.012821
82 85 0.013889
82 86 0.018182
82 87 0.010204
82 88 0.023810
83 84 0.034483
83 85 0.012658
83 86 0.010526
83 87 0.012821
83 88 0.037037
83 89 0.020833
84 85 0.020833
84 86 0.018868
84 87 0.050000
84 88 0.015385
84 89 0.010989
84 90 0.020408
85 86 0.029412
85 87 0.055556
85 88 0.016667
85 89 0.083333
85 90 0.013514
85 91 0.017544
86 87 0.052632
86 88 0.020408
86 89 0.014493
86 90 0.040000
86 91 0.011364
86 92 0.010417
87 88 0.024390
87 89 0.019231
87 90 0.013333
87 91 0.076923
87 92 0.125000
87 93 0.013514
88 89 0.017857
88 90 0.027027
88 91 0.018868
88 92 0.019231
88 93 0.066667
88 94 0.012346
89 90 0.015873
89 91 0.029412
89 92 0.047619
89 93 0.034483
89 94 0.038462
89 95 0.014085
90 91 0.015873
90 92 0.022727
90 93 0.032258
90 94 0.013333
90 95 0.052632
90 96 0.011364
91 92 0.010638
91 93 0.014706
91 94 0.017544
91 95 0.050000
91 96 0.017544
91 97 0.018519
92 93 0.016393
92 94 0.111111
92 95 0.033333
92 96 0.013333
92 97 0.058824
92 98 0.250000
93 94 0.031250
93 95 0.018519
93 96 0.017241
93 97 0.011765
93 98 0.014493
93 99 0.025000
94 95 0.011765
94 96 0.030303
94 97 0.013514
94 98 0.142857
94 99 0.016129
94 1 0.012821
95 96 0.038462
95 97 0.022727
95 98 0.100000
95 99 1.000000
95 1 0.015873
95 2 0.010101
96 97 0.010417
96 98 0.031250
96 99 0.017544
96 1 0.062500
96 2 0.011236
96 3 0.090909
97 98 0.012821
97 99 0.010204
97 1 0.023810
97 2 0.018519
97 3 0.062500
97 4 0.021277
98 99 0.011628
98 1 0.014085
98 2 0.166667
98 3 0.014085
98 4 0.024390
98 5 0.021739
99 1 0.017544
99 2 0.013514
99 3 0.050000
99 4 0.015625
99 5 0.027027
99 6 0.047619
