0 1 0.017544
0 2 0.019608
0 3 0.015385
0 4 0.076923
0 5 0.015152
0 6 0.013514
0 7 0.014493
1 2 0.019608
1 3 0.024390
1 4 0.025641
1 5 0.024390
1 6 0.014085
1 7 0.071429
1 8 0.028571
2 3 0.013889
2 4 0.012346
2 5 0.010989
2 6 0.010204
2 7 0.011364
2 8 0.012346
2 9 0.011494
3 4 0.025641
3 5 0.083333
3 6 0.010101
3 7 0.111111
3 8 0.014706
3 9 0.010989
3 10 0.011364
4 5 0.071429
4 6 0.014493
4 7 0.015873
4 8 0.013889
4 9 0.047619
4 10 0.035714
4 11 0.011628
5 6 0.011364
5 7 0.333333
5 8 0.018182
5 9 0.025641
5 10 0.022727
5 11 0.010526
5 12 0.012500
6 7 0.066667
6 8 0.111111
6 9 0.062500
6 10 0.011364
6 11 0.010989
6 12 0.142857
6 13 0.011494
7 8 0.012658
7 9 0.011236
7 10 0.013333
7 11 0.055556
7 12 1.000000
7 13 0.013514
7 14 0.035714
8 9 0.014286
8 10 0.015152
8 11 0.058824
8 12 0.011765
8 13 0.028571
8 14 0.012500
8 15 0.017544
9 10 0.017544
9 11 0.111111
9 12 0.023256
9 13 0.022222
9 14 0.083333
9 15 0.010101
9 16 0.011905
10 11 0.017544
10 12 0.010526
10 13 0.015385
10 14 0.013699
10 15 0.250000
10 16 0.012346
10 17 0.016393
11 12 0.010526
11 13 0.011236
11 14 0.020408
11 15 0.013333
11 16 0.012821
11 17 0.040000
11 18 0.010638
12 13 0.012500
12 14 0.045455
12 15 0.020000
12 16 0.015152
12 17 0.025641
12 18 0.028571
12 19 1.000000
13 14 0.050000
13 15 0.010753
13 16 0.016949
13 17 0.034483
13 18 0.027027
13 19 0.250000
13 20 0.024390
14 15 0.027027
14 16 0.011364
14 17 0.010101
14 18 0.031250
14 19 0.018519
14 20 0.013889
14 21 0.027027
15 16 0.027778
15 17 0.029412
15 18 0.030303
15 19 0.040000
15 20 0.012048
15 21 0.125000
15 22 0.250000
16 17 0.125000
16 18 0.500000
16 19 0.011905
16 20 0.125000
16 21 0.040000
16 22 0.028571
16 23 0.013514
17 18 0.015385
17 19 0.014085
17 20 0.013158
17 21 0.011765
17 22 0.015385
17 23 0.028571
17 24 0.071429
18 19 0.500000
18 20 0.025000
18 21 0.017857
18 22 0.025000
18 23 0.034483
18 24 0.017857
18 25 0.013889
19 20 0.012048
19 21 0.035714
19 22 0.100000
19 23 0.052632
19 24 0.016129
19 25 0.023256
19 26 0.022222
20 21 0.021739
20 22 0.019231
20 23 0.020000
20 24 0.018182
20 25 0.018519
20 26 0.029412
20 27 0.015873
21 22 0.012500
21 23 0.014286
21 24 0.026316
21 25 0.022222
21 26 0.024390
21 27 0.066667
21 28 0.032258
22 23 0.166667
22 24 0.019608
22 25 0.022222
22 26 0.111111
22 27 0.010989
22 28 0.500000
22 29 0.020408
23 24 0.047619
23 25 0.017241
23 26 0.045455
23 27 0.250000
23 28 0.011494
23 29 0.031250
23 30 0.041667
24 25 0.020408
24 26 0.013333
24 27 0.014286
24 28 0.010417
24 29 0.037037
24 30 0.050000
24 31 0.019608
25 26 0.012195
25 27 0.018182
25 28 0.066667
25 29 0.015873
25 30 0.040000
25 31 0.018519
25 32 0.125000
26 27 0.014925
26 28 0.014493
26 29 0.025641
26 30 0.013514
26 31 0.047619
26 32 0.011765
26 33 0.012048
27 28 0.076923
27 29 0.011364
27 30 0.030303
27 31 0.029412
27 32 0.021739
27 33 0.017857
27 34 0.025641
28 29 0.029412
28 30 0.011364
28 31 0.015873
28 32 0.012048
28 33 0.015625
28 34 0.029412
28 35 0.012500
29 30 0.010870
29 31 0.018519
29 32 0.032258
29 33 0.013514
29 34 0.111111
29 35 0.021739
29 36 0.027027
30 31 0.028571
30 32 0.021739
30 33 0.500000
30 34 0.014286
30 35 0.011628
30 36 0.013158
30 37 0.010870
31 32 0.014085
31 33 0.016667
31 34 0.200000
31 35 0.016667
31 36 0.010753
31 37 0.025641
31 38 0.142857
32 33 0.020408
32 34 0.012821
32 35 0.024390
32 36 0.026316
32 37 0.023810
32 38 0.040000
32 39 0.500000
33 34 0.013158
33 35 0.200000
33 36 0.010638
33 37 0.033333
33 38 0.027778
33 39 0.014493
33 40 0.025000
34 35 0.012048
34 36 0.142857
34 37 0.013333
34 38 0.012048
34 39 0.018519
34 40 0.012987
34 41 0.018519
35 36 0.025000
35 37 0.018519
35 38 0.021739
35 39 0.083333
35 40 0.071429
35 41 0.019608
35 42 0.013889
36 37 0.125000
36 38 0.010989
36 39 0.012500
36 40 0.017241
36 41 0.014286
36 42 0.047619
36 43 0.010417
37 38 0.083333
37 39 0.021739
37 40 0.010101
37 41 0.011364
37 42 0.019608
37 43 0.010638
37 44 0.052632
38 39 0.011364
38 40 0.015625
38 41 0.016667
38 42 0.014085
38 43 0.013889
38 44 0.028571
38 45 0.018182
39 40 0.038462
39 41 0.076923
39 42 0.111111
39 43 0.014925
39 44 0.014706
39 45 0.017857
39 46 0.012658
40 41 0.012195
40 42 0.125000
40 43 0.019231
40 44 0.010989
40 45 0.010101
40 46 0.031250
40 47 0.020408
41 42 0.014493
41 43 0.018519
41 44 0.021739
41 45 0.012346
41 46 0.021739
41 47 0.014286
41 48 0.019231
42 43 0.025000
42 44 0.011111
42 45 0.025000
42 46 0.200000
42 47 0.020000
42 48 0.090909
42 49 0.012987
43 44 0.011628
43 45 0.014925
43 46 0.250000
43 47 0.013158
43 48 0.014085
43 49 0.014706
43 50 0.031250
44 45 0.019608
44 46 0.020000
44 47 0.024390
44 48 0.250000
44 49 0.023810
44 50 0.025000
44 51 0.027027
45 46 0.010989
45 47 0.100000
45 48 0.010989
45 49 0.026316
45 50 0.010989
45 51 0.010870
45 52 0.011905
46 47 0.016129
46 48 0.022222
46 49 0.040000
46 50 0.019231
46 51 0.011765
46 52 0.033333
46 53 0.333333
47 48 0.010309
47 49 0.125000
47 50 0.011236
47 51 0.015625
47 52 0.083333
47 53 0.011236
47 54 0.024390
48 49 0.011905
48 50 0.017544
48 51 0.013514
48 52 0.028571
48 53 0.125000
48 54 0.066667
48 55 0.025641
49 50 0.020000
49 51 0.018182
49 52 0.012987
49 53 0.023810
49 54 0.015385
49 55 0.014706
49 56 0.012500
50 51 0.017544
50 52 0.016393
50 53 0.015385
50 54 0.050000
50 55 0.166667
50 56 0.011111
50 57 0.013699
51 52 0.010989
51 53 0.047619
51 54 0.013158
51 55 0.011236
51 56 0.034483
51 57 0.015152
51 58 0.018868
52 53 0.023810
52 54 0.017857
52 55 0.010526
52 56 0.038462
52 57 0.071429
52 58 0.014493
52 59 0.016393
53 54 0.043478
53 55 0.011905
53 56 1.000000
53 57 0.013514
53 58 0.025641
53 59 0.012821
53 60 0.062500
54 55 0.200000
54 56 0.021277
54 57 0.010309
54 58 0.015873
54 59 0.125000
54 60 0.016129
54 61 0.012048
55 56 0.071429
55 57 0.018868
55 58 0.017857
55 59 0.166667
55 60 0.013514
55 61 0.030303
55 62 0.010417
56 57 0.250000
56 58 0.010101
56 59 0.020000
56 60 0.021739
56 61 0.018182
56 62 0.022222
56 63 0.013889
57 58 0.014286
57 59 0.071429
57 60 0.030303
57 61 0.010753
57 62 0.010204
57 63 0.028571
57 64 0.014925
58 59 0.026316
58 60 0.071429
58 61 0.011905
58 62 0.022727
58 63 0.016393
58 64 0.012346
58 65 0.142857
59 60 0.014286
59 61 0.022727
59 62 0.010989
59 63 0.011765
59 64 0.010309
59 65 0.021277
59 66 0.010989
60 61 0.013889
60 62 0.012500
60 63 0.011364
60 64 0.013158
60 65 0.012500
60 66 0.026316
60 67 0.045455
61 62 0.027778
61 63 0.012048
61 64 0.010526
61 65 0.166667
61 66 0.010309
61 67 0.034483
61 68 0.010417
62 63 0.015625
62 64 0.014925
62 65 0.028571
62 66 0.012821
62 67 0.019608
62 68 0.012658
62 69 0.025000
63 64 0.030303
63 65 0.011494
63 66 0.100000
63 67 0.012987
63 68 0.012821
63 69 0.010526
63 70 0.013333
64 65 0.038462
64 66 0.011494
64 67 0.020833
64 68 0.166667
64 69 0.013333
64 70 0.041667
64 71 0.011494
65 66 0.076923
65 67 0.021277
65 68 0.043478
65 69 0.010417
65 70 0.023810
65 71 0.033333
65 72 0.010638
66 67 0.014085
66 68 0.033333
66 69 0.010989
66 70 0.027778
66 71 0.010204
66 72 0.038462
66 73 0.066667
67 68 0.020000
67 69 0.166667
67 70 0.018182
67 71 0.012048
67 72 0.010638
67 73 0.015385
67 74 0.016393
68 69 0.013889
68 70 0.016393
68 71 0.027027
68 72 0.010204
68 73 0.020833
68 74 0.011765
68 75 0.200000
69 70 0.043478
69 71 0.111111
69 72 0.010753
69 73 0.027778
69 74 0.017544
69 75 0.062500
69 76 0.030303
70 71 0.010101
70 72 0.021277
70 73 0.035714
70 74 0.014085
70 75 0.012821
70 76 0.050000
70 77 0.125000
71 72 0.013158
71 73 0.021739
71 74 0.043478
71 75 0.038462
71 76 0.018868
71 77 0.012658
71 78 0.100000
72 73 0.021277
72 74 0.022222
72 75 0.014085
72 76 0.050000
72 77 0.166667
72 78 0.125000
72 79 0.052632
73 74 0.018519
73 75 0.010753
73 76 0.040000
73 77 0.012987
73 78 0.333333
73 79 0.055556
73 80 0.071429
74 75 0.016667
74 76 0.028571
74 77 0.020833
74 78 0.016667
74 79 0.012195
74 80 0.012987
74 81 0.031250
75 76 0.016667
75 77 0.010309
75 78 0.025000
75 79 0.027027
75 80 0.022727
75 81 0.015625
75 82 0.015873
76 77 0.010309
76 78 0.023256
76 79 0.013699
76 80 0.022222
76 81 0.011236
76 82 0.022222
76 83 0.015152
77 78 0.010526
77 79 0.018868
77 80 0.011765
77 81 0.020408
77 82 0.021277
77 83 0.100000
77 84 0.037037
78 79 0.020000
78 80 0.034483
78 81 0.023810
78 82 0.100000
78 83 0.015625
78 84 0.011111
78 85 0.014085
79 80 0.021277
79 81 0.014925
79 82 0.333333
79 83 0.125000
79 84 0.015625
79 85 0.022727
79 86 0.022222
80 81 0.125000
80 82 0.125000
80 83 0.111111
80 84 0.166667
80 85 0.019231
80 86 0.012195
80 87 0.019231
81 82 0.023810
81 83 0.035714
81 84 0.055556
81 85 0.027027
81 86 0.012346
81 87 0.250000
81 88 0.011628
82 83 0.034483
82 84 0.066667
82 85 0.071429
82 86 0.012658
82 87 0.022727
82 88 0.017857
82 89 0.011111
83 84 0.111111
83 85 0.021277
83 86 0.016393
83 87 0.017857
83 88 0.071429
83 89 0.015385
83 90 0.015385
84 85 0.012658
84 86 0.111111
84 87 0.100000
84 88 0.011364
84 89 0.055556
84 90 0.052632
84 91 0.010526
85 86 0.014085
85 87 0.500000
85 88 0.021277
85 89 0.076923
85 90 0.033333
85 91 0.015385
85 92 0.020000
86 87 0.083333
86 88 0.014286
86 89 0.027027
86 90 0.024390
86 91 0.011765
86 92 0.019231
86 93 0.050000
87 88 0.034483
87 89 0.125000
87 90 0.090909
87 91 0.025641
87 92 0.018182
87 93 0.013699
87 94 0.010417
88 89 0.014286
88 90 0.026316
88 91 0.016393
88 92 0.020000
88 93 0.020833
88 94 0.014085
88 95 0.026316
89 90 0.015152
89 91 0.010989
89 92 0.030303
89 93 0.026316
89 94 0.010753
89 95 0.012500
89 96 0.019608
90 91 0.041667
90 92 0.021739
90 93 0.500000
90 94 0.027778
90 95 0.062500
90 96 0.025641
90 97 0.012987
91 92 0.500000
91 93 0.010870
91 94 0.010204
91 95 0.032258
91 96 0.100000
91 97 0.014085
91 98 0.017857
92 93 0.012048
92 94 0.014925
92 95 0.037037
92 96 0.047619
92 97 0.035714
92 98 0.012987
92 99 0.014493
93 94 0.066667
93 95 0.027778
93 96 0.010989
93 97 0.020833
93 98 0.013514
93 99 0.011765
93 1 0.034483
94 95 0.038462
94 96 0.111111
94 97 0.013158
94 98 0.035714
94 99 0.021739
94 1 0.010753
94 2 0.014706
95 96 0.041667
95 97 0.010526
95 98 0.016667
95 99 0.045455
95 1 0.037037
95 2 0.016393
95 3 0.030303
96 97 0.010204
96 98 0.058824
96 99 0.062500
96 1 0.015385
96 2 0.022727
96 3 0.026316
96 4 0.010638
97 98 0.047619
97 99 0.125000
97 1 0.010638
97 2 0.027027
97 3 0.022727
97 4 0.011628
97 5 0.011628
98 99 0.052632
98 1 0.014085
98 2 0.062500
98 3 0.022222
98 4 0.012346
98 5 0.010870
98 6 0.013514
99 1 0.037037
99 2 0.011765
99 3 0.023810
99 4 0.019608
99 5 0.012346
99 6 0.500000
99 7 0.013514
