0 1 0.111111
0 2 0.034483
0 3 0.026316
0 4 0.016129
0 5 0.041667
0 6 0.011905
0 7 0.013333
0 8 0.015625
1 2 0.014493
1 3 0.017241
1 4 0.018182
1 5 0.010309
1 6 0.038462
1 7 0.017241
1 8 0.090909
1 9 0.040000
2 3 0.010417
2 4 0.014493
2 5 0.016949
2 6 0.125000
2 7 0.025641
2 8 0.015385
2 9 0.021739
2 10 0.052632
3 4 0.012346
3 5 0.025000
3 6 0.028571
3 7 0.015873
3 8 0.010526
3 9 0.016949
3 10 0.013158
3 11 0.200000
4 5 0.011236
4 6 0.066667
4 7 0.014925
4 8 0.071429
4 9 0.010101
4 10 0.023810
4 11 0.012658
4 12 0.014706
5 6 0.029412
5 7 0.015152
5 8 0.037037
5 9 0.010870
5 10 0.012821
5 11 0.019231
5 12 0.011364
5 13 0.021277
6 7 0.090909
6 8 0.010309
6 9 0.011628
6 10 0.012987
6 11 0.022727
6 12 0.166667
6 13 0.016949
6 14 0.011765
7 8 0.024390
7 9 0.045455
7 10 0.012500
7 11 1.000000
7 12 0.010101
7 13 0.011765
7 14 0.010989
7 15 0.071429
8 9 0.018868
8 10 0.200000
8 11 0.071429
8 12 0.010526
8 13 0.011905
8 14 0.012048
8 15 0.010417
8 16 0.055556
9 10 0.020000
9 11 0.043478
9 12 0.090909
9 13 0.035714
9 14 0.013158
9 15 0.010101
9 16 0.013333
9 17 0.011364
10 11 0.010309
10 12 0.016129
10 13 0.015385
10 14 0.024390
10 15 0.014706
10 16 0.040000
10 17 0.037037
10 18 0.111111
11 12 0.021277
11 13 0.142857
11 14 0.090909
11 15 0.021277
11 16 0.010753
11 17 0.500000
11 18 0.016129
11 19 0.021277
12 13 0.142857
12 14 0.013158
12 15 0.023810
12 16 0.010870
12 17 0.016667
12 18 0.025641
12 19 0.090909
12 20 0.100000
13 14 0.015873
13 15 0.045455
13 16 0.025641
13 17 0.025641
13 18 0.045455
13 19 0.071429
13 20 0.035714
13 21 0.052632
14 15 0.012987
14 16 0.010753
14 17 0.016393
14 18 0.022222
14 19 0.052632
14 20 0.011364
14 21 0.018182
14 22 0.014925
15 16 0.010417
15 17 0.015152
15 18 0.071429
15 19 0.011111
15 20 0.014706
15 21 0.013158
15 22 0.027027
15 23 0.013158
16 17 0.018868
16 18 0.012500
16 19 0.014493
16 20 0.076923
16 21 0.052632
16 22 0.012500
16 23 0.041667
16 24 0.012048
17 18 0.500000
17 19 0.015873
17 20 0.045455
17 21 0.040000
17 22 0.012821
17 23 0.020000
17 24 0.022727
17 25 0.018182
18 19 0.022727
18 20 0.200000
18 21 0.015625
18 22 0.010753
18 23 0.017857
18 24 0.032258
18 25 0.011111
18 26 0.045455
19 20 0.022222
19 21 0.012500
19 22 0.010989
19 23 0.045455
19 24 0.058824
19 25 0.014706
19 26 0.013333
19 27 0.010204
20 21 0.027027
20 22 0.011236
20 23 0.058824
20 24 0.055556
20 25 0.071429
20 26 1.000000
20 27 0.047619
20 28 0.012987
21 22 0.043478
21 23 0.021739
21 24 0.017857
21 25 0.013514
21 26 0.011111
21 27 0.090909
21 28 0.052632
21 29 0.010417
22 23 0.083333
22 24 0.012048
22 25 0.011111
22 26 0.014706
22 27 0.071429
22 28 0.012500
22 29 0.010989
22 30 0.016667
23 24 0.016667
23 25 0.012048
23 26 0.012195
23 27 0.012821
23 28 0.019608
23 29 0.017241
23 30 0.013158
23 31 0.011236
24 25 0.021277
24 26 0.010638
24 27 0.142857
24 28 0.016393
24 29 0.010526
24 30 0.035714
24 31 0.025641
24 32 0.052632
25 26 0.013333
25 27 0.010526
25 28 0.010638
25 29 0.015152
25 30 0.166667
25 31 0.076923
25 32 0.016129
25 33 0.055556
26 27 0.010309
26 28 0.019231
26 29 0.011494
26 30 0.090909
26 31 0.030303
26 32 0.012821
26 33 0.013889
26 34 0.010638
27 28 0.016393
27 29 0.018519
27 30 0.013699
27 31 0.076923
27 32 0.083333
27 33 0.020000
27 34 0.500000
27 35 0.016949
28 29 0.022727
28 30 0.100000
28 31 0.047619
28 32 0.025000
28 33 0.025641
28 34 0.016667
28 35 0.016667
28 36 0.071429
29 30 0.018182
29 31 0.018519
29 32 0.012500
29 33 0.016129
29 34 0.014706
29 35 0.023256
29 36 0.012500
29 37 0.015385
30 31 0.010417
30 32 0.014706
30 33 0.012987
30 34 0.034483
30 35 0.021739
30 36 0.020408
30 37 0.043478
30 38 0.125000
31 32 0.333333
31 33 0.010309
31 34 0.047619
31 35 0.062500
31 36 0.021277
31 37 0.041667
31 38 0.013158
31 39 0.010989
32 33 0.029412
32 34 0.010309
32 35 0.031250
32 36 0.013699
32 37 0.017241
32 38 0.010870
32 39 0.011364
32 40 0.076923
33 34 0.021277
33 35 0.014493
33 36 0.013333
33 37 0.066667
33 38 0.083333
33 39 0.017857
33 40 0.012500
33 41 0.125000
34 35 0.040000
34 36 0.017241
34 37 0.027027
34 38 0.014085
34 39 0.142857
34 40 0.016393
34 41 0.012658
34 42 0.090909
35 36 0.017241
35 37 1.000000
35 38 0.037037
35 39 0.200000
35 40 0.040000
35 41 0.333333
35 42 0.010309
35 43 0.016949
36 37 0.033333
36 38 0.030303
36 39 0.016949
36 40 0.043478
36 41 0.045455
36 42 0.013889
36 43 0.014286
36 44 0.010989
37 38 0.020833
37 39 0.011628
37 40 0.333333
37 41 0.200000
37 42 0.014925
37 43 0.090909
37 44 0.033333
37 45 0.040000
38 39 0.020408
38 40 0.500000
38 41 0.031250
38 42 0.100000
38 43 0.012195
38 44 0.023256
38 45 0.014493
38 46 0.012048
39 40 0.014286
39 41 0.013333
39 42 0.111111
39 43 0.013514
39 44 0.013699
39 45 0.014493
39 46 0.013333
39 47 0.333333
40 41 0.500000
40 42 0.029412
40 43 0.037037
40 44 0.040000
40 45 0.142857
40 46 0.010309
40 47 0.062500
40 48 0.018182
41 42 0.011905
41 43 0.052632
41 44 0.016393
41 45 0.019608
41 46 0.032258
41 47 0.010870
41 48 0.013158
41 49 0.012500
42 43 0.010638
42 44 0.111111
42 45 0.010989
42 46 0.012987
42 47 0.019231
42 48 0.016667
42 49 0.016393
42 50 0.043478
43 44 0.027778
43 45 0.014286
43 46 0.010309
43 47 0.111111
43 48 0.025641
43 49 0.013699
43 50 0.076923
43 51 0.023810
44 45 0.142857
44 46 0.025000
44 47 0.014925
44 48 0.071429
44 49 0.026316
44 50 0.012048
44 51 0.014286
44 52 0.045455
45 46 0.333333
45 47 0.031250
45 48 0.013699
45 49 0.029412
45 50 0.041667
45 51 0.020000
45 52 0.071429
45 53 0.052632
46 47 0.016949
46 48 0.200000
46 49 0.010417
46 50 0.090909
46 51 0.015152
46 52 0.017241
46 53 0.028571
46 54 0.500000
47 48 0.035714
47 49 0.030303
47 50 0.083333
47 51 0.014706
47 52 0.166667
47 53 0.040000
47 54 0.100000
47 55 0.071429
48 49 0.015152
48 50 0.012821
48 51 0.035714
48 52 0.250000
48 53 0.016129
48 54 0.010101
48 55 0.038462
48 56 0.015385
49 50 0.032258
49 51 0.017857
49 52 0.020000
49 53 0.066667
49 54 0.013333
49 55 0.111111
49 56 0.047619
49 57 0.013889
50 51 0.047619
50 52 0.011494
50 53 0.033333
50 54 0.017857
50 55 0.011111
50 56 0.016949
50 57 0.011111
50 58 0.500000
51 52 0.037037
51 53 0.010417
51 54 0.035714
51 55 0.026316
51 56 0.100000
51 57 0.010638
51 58 0.058824
51 59 0.025641
52 53 0.010101
52 54 0.012658
52 55 0.025641
52 56 0.040000
52 57 0.022222
52 58 0.014286
52 59 0.038462
52 60 0.022222
53 54 0.038462
53 55 0.013158
53 56 0.016393
53 57 0.500000
53 58 0.011628
53 59 0.012195
53 60 0.013333
53 61 0.142857
54 55 0.014286
54 56 0.166667
54 57 0.015625
54 58 0.016667
54 59 0.015385
54 60 0.018519
54 61 0.015873
54 62 0.010753
55 56 0.019608
55 57 0.010989
55 58 0.031250
55 59 0.016129
55 60 0.011628
55 61 0.020000
55 62 0.500000
55 63 0.011765
56 57 0.034483
56 58 0.024390
56 59 0.090909
56 60 0.013333
56 61 0.090909
56 62 0.027027
56 63 0.047619
56 64 0.026316
57 58 0.071429
57 59 0.012195
57 60 0.024390
57 61 0.015625
57 62 0.062500
57 63 0.125000
57 64 0.029412
57 65 0.045455
58 59 0.013699
58 60 0.010526
58 61 0.011364
58 62 0.037037
58 63 0.017241
58 64 0.012195
58 65 0.012658
58 66 0.020000
59 60 0.066667
59 61 0.024390
59 62 0.027778
59 63 0.015385
59 64 0.023256
59 65 0.047619
59 66 0.010526
59 67 0.011905
60 61 0.031250
60 62 0.014286
60 63 0.010417
60 64 0.014286
60 65 0.010870
60 66 0.028571
60 67 0.011905
60 68 0.013514
61 62 0.013158
61 63 0.011765
61 64 0.025641
61 65 0.010870
61 66 0.010638
61 67 0.013514
61 68 0.066667
61 69 0.014925
62 63 0.014493
62 64 0.250000
62 65 0.010526
62 66 0.035714
62 67 0.011628
62 68 0.013514
62 69 0.012821
62 70 1.000000
63 64 0.062500
63 65 0.066667
63 66 0.015152
63 67 0.016949
63 68 0.027778
63 69 0.016129
63 70 0.022727
63 71 0.014493
64 65 0.031250
64 66 0.025000
64 67 0.025641
64 68 0.041667
64 69 0.013333
64 70 0.041667
64 71 0.010101
64 72 0.019608
65 66 0.100000
65 67 0.026316
65 68 0.022727
65 69 0.200000
65 70 0.076923
65 71 0.016667
65 72 0.013889
65 73 0.012195
66 67 0.015625
66 68 0.014706
66 69 0.090909
66 70 0.020000
66 71 0.023810
66 72 0.011111
66 73 0.019231
66 74 0.017241
67 68 0.200000
67 69 0.052632
67 70 0.055556
67 71 0.023810
67 72 0.012346
67 73 0.016129
67 74 0.090909
67 75 0.076923
68 69 0.500000
68 70 0.019608
68 71 0.026316
68 72 0.012821
68 73 0.013158
68 74 0.027027
68 75 0.033333
68 76 0.011628
69 70 0.013158
69 71 0.013514
69 72 0.010870
69 73 0.011236
69 74 0.029412
69 75 0.015625
69 76 0.013889
69 77 0.010204
70 71 0.031250
70 72 0.012048
70 73 0.020408
70 74 0.013333
70 75 0.013699
70 76 1.000000
70 77 0.029412
70 78 0.012658
71 72 0.047619
71 73 0.019231
71 74 0.047619
71 75 0.500000
71 76 0.071429
71 77 0.031250
71 78 0.062500
71 79 0.058824
72 73 0.011905
72 74 0.018519
72 75 0.010526
72 76 0.016667
72 77 0.010870
72 78 0.040000
72 79 0.021277
72 80 0.014706
73 74 0.025641
73 75 0.017241
73 76 0.029412
73 77 0.250000
73 78 0.033333
73 79 0.030303
73 80 0.027778
73 81 0.071429
74 75 0.012048
74 76 0.083333
74 77 0.011364
74 78 0.011905
74 79 0.021739
74 80 0.014925
74 81 0.200000
74 82 0.010101
75 76 0.011364
75 77 0.125000
75 78 0.076923
75 79 0.047619
75 80 0.041667
75 81 0.032258
75 82 0.200000
75 83 0.012821
76 77 0.038462
76 78 0.015385
76 79 0.014085
76 80 0.019231
76 81 0.083333
76 82 0.025641
76 83 0.019231
76 84 0.019231
77 78 0.010309
77 79 0.011494
77 80 0.017857
77 81 0.035714
77 82 0.047619
77 83 0.010870
77 84 0.023810
77 85 0.250000
78 79 0.200000
78 80 0.033333
78 81 0.011236
78 82 0.019231
78 83 0.010309
78 84 0.010526
78 85 0.019608
78 86 0.011765
79 80 0.333333
79 81 0.015385
79 82 0.166667
79 83 0.037037
79 84 0.010417
79 85 0.083333
79 86 0.166667
79 87 0.043478
80 81 0.012987
80 82 0.012821
80 83 0.013158
80 84 0.011111
80 85 0.058824
80 86 0.034483
80 87 0.023810
80 88 0.066667
81 82 0.062500
81 83 0.010204
81 84 0.022727
81 85 0.026316
81 86 0.010989
81 87 0.011628
81 88 0.023810
81 89 0.010417
82 83 0.058824
82 84 0.031250
82 85 0.020833
82 86 0.071429
82 87 0.037037
82 88 0.032258
82 89 0.015385
82 90 0.142857
83 84 0.016949
83 85 0.016393
83 86 0.050000
83 87 0.015385
83 88 0.011765
83 89 0.010309
83 90 0.023256
83 91 0.016393
84 85 0.011494
84 86 0.016393
84 87 0.011111
84 88 0.033333
84 89 0.012987
84 90 0.142857
84 91 0.035714
84 92 0.045455
85 86 0.022222
85 87 0.050000
85 88 0.125000
85 89 0.011364
85 90 0.062500
85 91 0.038462
85 92 0.047619
85 93 0.015385
86 87 0.024390
86 88 0.020408
86 89 0.015152
86 90 0.023810
86 91 0.012500
86 92 0.032258
86 93 0.020000
86 94 0.025641
87 88 0.010753
87 89 0.014286
87 90 0.200000
87 91 0.012821
87 92 0.014925
87 93 0.020833
87 94 0.025000
87 95 0.018182
88 89 0.100000
88 90 0.033333
88 91 0.011765
88 92 0.011364
88 93 0.026316
88 94 0.071429
88 95 0.100000
88 96 0.011905
89 90 0.029412
89 91 0.052632
89 92 0.013699
89 93 0.019608
89 94 0.022222
89 95 0.010638
89 96 0.058824
89 97 0.011628
90 91 0.023256
90 92 0.012048
90 93 0.034483
90 94 0.043478
90 95 0.066667
90 96 0.012658
90 97 0.015873
90 98 0.125000
91 92 0.020408
91 93 0.014706
91 94 0.011494
91 95 0.062500
91 96 0.062500
91 97 0.037037
91 98 0.013889
91 99 0.037037
92 93 0.017241
92 94 0.017241
92 95 0.062500
92 96 0.010417
92 97 0.013699
92 98 0.038462
92 99 0.012346
92 1 0.142857
93 94 0.021739
93 95 0.018519
93 96 0.016949
93 97 0.010870
93 98 0.020408
93 99 0.013158
93 1 0.012821
93 2 0.010870
94 95 0.016667
94 96 0.142857
94 97 0.062500
94 98 0.013158
94 99 0.011494
94 1 0.012658
94 2 0.011905
94 3 0.027778
95 96 0.021277
95 97 0.013889
95 98 0.018868
95 99 0.015625
95 1 0.040000
95 2 0.010870
95 3 0.017241
95 4 0.011905
96 97 0.125000
96 98 0.018182
96 99 0.017544
96 1 0.028571
96 2 0.027778
96 3 0.015625
96 4 0.012346
96 5 0.010989
97 98 0.041667
97 99 0.013699
97 1 0.025000
97 2 1.000000
97 3 0.019231
97 4 0.030303
97 5 0.016393
97 6 0.016667
98 99 0.020408
98 1 0.026316
98 2 0.021277
98 3 0.034483
98 4 0.045455
98 5 0.011905
98 6 0.013158
98 7 0.010526
99 1 0.027027
99 2 0.024390
99 3 0.010526
99 4 0.015873
99 5 0.030303
99 6 0.018519
99 7 0.021277
99 8 0.023810
