0 1 0.055556
0 2 0.010870
0 3 0.024390
0 4 0.031250
0 5 0.017241
0 6 0.018519
0 7 0.027778
0 8 0.016949
0 9 0.041667
1 2 0.010870
1 3 0.071429
1 4 0.100000
1 5 0.012821
1 6 0.016949
1 7 0.018868
1 8 0.028571
1 9 0.012987
1 10 0.030303
2 3 0.500000
2 4 0.014286
2 5 0.016129
2 6 0.014286
2 7 0.020408
2 8 0.025000
2 9 0.083333
2 10 0.014286
2 11 0.022222
3 4 0.016949
3 5 0.011364
3 6 0.043478
3 7 0.010753
3 8 0.166667
3 9 0.062500
3 10 0.028571
3 11 0.026316
3 12 0.013333
4 5 0.011111
4 6 0.013514
4 7 0.028571
4 8 0.071429
4 9 0.014925
4 10 0.020408
4 11 0.040000
4 12 0.022222
4 13 0.111111
5 6 0.012821
5 7 0.012346
5 8 0.011494
5 9 0.090909
5 10 0.012048
5 11 0.017241
5 12 0.013699
5 13 0.018519
5 14 0.125000
6 7 0.071429
6 8 0.015152
6 9 0.012821
6 10 0.016667
6 11 0.040000
6 12 0.015152
6 13 0.011905
6 14 0.052632
6 15 0.013699
7 8 1.000000
7 9 0.018519
7 10 0.090909
7 11 0.013158
7 12 0.022727
7 13 0.011628
7 14 0.083333
7 15 0.016949
7 16 0.018519
8 9 0.016129
8 10 0.011905
8 11 0.014085
8 12 0.016129
8 13 0.012346
8 14 0.016949
8 15 0.013514
8 16 0.015385
8 17 0.055556
9 10 0.020833
9 11 0.052632
9 12 0.038462
9 13 0.015873
9 14 0.011628
9 15 0.200000
9 16 0.043478
9 17 0.090909
9 18 0.013889
10 11 0.142857
10 12 0.033333
10 13 0.022222
10 14 0.125000
10 15 0.011765
10 16 0.017544
10 17 0.011765
10 18 0.034483
10 19 0.023256
11 12 0.010309
11 13 0.011236
11 14 0.010204
11 15 0.016949
11 16 0.013514
11 17 0.010101
11 18 0.032258
11 19 0.027027
11 20 0.012500
12 13 0.011111
12 14 0.083333
12 15 0.021739
12 16 0.111111
12 17 0.016667
12 18 0.015152
12 19 0.028571
12 20 0.043478
12 21 0.019231
13 14 0.025000
13 15 0.021277
13 16 0.015625
13 17 0.076923
13 18 0.018519
13 19 0.010526
13 20 0.017241
13 21 0.015873
13 22 0.012500
14 15 0.066667
14 16 0.020833
14 17 0.100000
14 18 0.016949
14 19 0.022222
14 20 0.017241
14 21 0.200000
14 22 0.013514
14 23 0.017544
15 16 0.027778
15 17 0.090909
15 18 0.026316
15 19 0.037037
15 20 0.043478
15 21 0.011905
15 22 0.027778
15 23 0.011905
15 24 0.020000
16 17 0.013889
16 18 0.125000
16 19 0.333333
16 20 0.076923
16 21 0.018182
16 22 0.014706
16 23 0.038462
16 24 0.100000
16 25 0.015873
17 18 0.011765
17 19 0.013699
17 20 0.023256
17 21 0.045455
17 22 0.018519
17 23 0.016667
17 24 0.014706
17 25 0.018519
17 26 0.055556
18 19 0.013699
18 20 0.034483
18 21 0.013158
18 22 0.100000
18 23 0.024390
18 24 0.071429
18 25 0.027027
18 26 0.015385
18 27 0.010204
19 20 0.013514
19 21 0.020408
19 22 0.020408
19 23 0.021739
19 24 0.017241
19 25 0.018868
19 26 0.016949
19 27 0.071429
19 28 0.047619
20 21 0.011628
20 22 0.041667
20 23 0.011905
20 24 0.014085
20 25 0.010204
20 26 0.035714
20 27 0.013889
20 28 0.050000
20 29 0.012048
21 22 0.031250
21 23 0.011236
21 24 0.027027
21 25 0.019608
21 26 0.016129
21 27 0.014925
21 28 0.037037
21 29 0.013889
21 30 0.125000
22 23 0.024390
22 24 0.100000
22 25 0.013699
22 26 0.025000
22 27 0.011905
22 28 0.043478
22 29 0.011111
22 30 0.033333
22 31 0.012195
23 24 0.023256
23 25 0.011111
23 26 0.010417
23 27 0.015625
23 28 0.013158
23 29 0.047619
23 30 0.020408
23 31 0.021277
23 32 0.052632
24 25 0.012987
24 26 0.052632
24 27 0.025000
24 28 0.016667
24 29 0.019608
24 30 0.034483
24 31 0.010204
24 32 0.333333
24 33 0.010870
25 26 0.015385
25 27 0.033333
25 28 0.015625
25 29 0.013514
25 30 0.013889
25 31 0.013514
25 32 0.020833
25 33 0.083333
25 34 0.017241
26 27 0.013889
26 28 0.500000
26 29 0.011236
26 30 0.018519
26 31 0.021739
26 32 0.012658
26 33 0.020000
26 34 0.100000
26 35 0.018182
27 28 0.013889
27 29 0.016949
27 30 0.500000
27 31 0.010870
27 32 0.027027
27 33 0.047619
27 34 0.031250
27 35 0.010204
27 36 0.013699
28 29 0.016129
28 30 0.010417
28 31 0.012987
28 32 0.018519
28 33 0.016129
28 34 0.125000
28 35 0.052632
28 36 0.027027
28 37 0.012500
29 30 0.010753
29 31 0.011765
29 32 0.010753
29 33 0.019231
29 34 0.017544
29 35 0.010526
29 36 0.024390
29 37 0.090909
29 38 0.023810
30 31 0.047619
30 32 0.016129
30 33 0.019231
30 34 0.013158
30 35 0.029412
30 36 0.083333
30 37 0.012658
30 38 0.038462
30 39 0.020000
31 32 1.000000
31 33 0.016949
31 34 0.020833
31 35 0.013333
31 36 0.047619
31 37 0.022222
31 38 0.019231
31 39 0.013158
31 40 0.125000
32 33 0.016667
32 34 0.010526
32 35 0.022222
32 36 0.025000
32 37 0.011236
32 38 0.033333
32 39 0.029412
32 40 0.023810
32 41 0.011494
33 34 0.033333
33 35 0.011905
33 36 0.010101
33 37 0.013889
33 38 0.200000
33 39 0.016129
33 40 0.041667
33 41 0.012195
33 42 0.010309
34 35 0.027027
34 36 0.016393
34 37 0.043478
34 38 0.011494
34 39 0.016129
34 40 0.012048
34 41 0.027778
34 42 0.027027
34 43 0.200000
35 36 0.012195
35 37 0.011111
35 38 0.012346
35 39 0.011111
35 40 0.020000
35 41 0.012987
35 42 0.028571
35 43 0.010989
35 44 0.014925
36 37 0.015152
36 38 0.040000
36 39 0.111111
36 40 0.018519
36 41 0.018182
36 42 0.010753
36 43 0.018519
36 44 0.037037
36 45 0.010101
37 38 0.062500
37 39 0.019231
37 40 0.012346
37 41 0.076923
37 42 0.011236
37 43 0.023810
37 44 0.027027
37 45 0.012987
37 46 0.250000
38 39 0.050000
38 40 0.071429
38 41 0.023810
38 42 0.038462
38 43 0.010417
38 44 0.031250
38 45 0.125000
38 46 0.011628
38 47 0.012048
39 40 0.011765
39 41 0.045455
39 42 0.013514
39 43 0.018868
39 44 0.011236
39 45 0.010101
39 46 0.016129
39 47 0.023256
39 48 0.018182
40 41 0.017857
40 42 0.010204
40 43 0.012195
40 44 0.018182
40 45 0.071429
40 46 0.028571
40 47 0.027778
40 48 0.035714
40 49 0.040000
41 42 0.012658
41 43 0.015385
41 44 0.333333
41 45 0.011905
41 46 0.011628
41 47 0.058824
41 48 0.037037
41 49 0.083333
41 50 0.076923
42 43 0.016949
42 44 0.047619
42 45 0.023810
42 46 0.142857
42 47 0.043478
42 48 0.058824
42 49 0.016667
42 50 0.083333
42 51 0.058824
43 44 0.043478
43 45 0.017857
43 46 0.013889
43 47 0.012658
43 48 0.018519
43 49 0.018182
43 50 0.028571
43 51 0.014493
43 52 0.010989
44 45 0.013889
44 46 0.010309
44 47 0.062500
44 48 0.019608
44 49 0.016129
44 50 0.052632
44 51 0.027778
44 52 0.020408
44 53 0.027778
45 46 0.015873
45 47 0.016129
45 48 0.020000
45 49 0.043478
45 50 0.012048
45 51 0.020000
45 52 0.015152
45 53 0.011111
45 54 0.013699
46 47 0.012048
46 48 0.020000
46 49 0.011628
46 50 0.013514
46 51 0.023810
46 52 0.013699
46 53 0.018519
46 54 0.010417
46 55 0.034483
47 48 0.011236
47 49 0.015385
47 50 0.050000
47 51 0.016129
47 52 0.015873
47 53 0.027778
47 54 0.071429
47 55 0.038462
47 56 0.017857
48 49 0.020000
48 50 0.013333
48 51 0.010870
48 52 0.071429
48 53 0.027027
48 54 0.023256
48 55 0.027027
48 56 0.047619
48 57 0.010753
49 50 0.333333
49 51 0.090909
49 52 0.014925
49 53 0.011494
49 54 0.016129
49 55 0.018868
49 56 0.011364
49 57 0.027027
49 58 0.010417
50 51 0.016393
50 52 0.010989
50 53 0.010870
50 54 0.011111
50 55 0.012500
50 56 0.017241
50 57 0.100000
50 58 0.023810
50 59 0.047619
51 52 0.021277
51 53 0.017857
51 54 0.021277
51 55 0.333333
51 56 0.142857
51 57 0.043478
51 58 0.010417
51 59 0.047619
51 60 0.016393
52 53 0.025641
52 54 0.017241
52 55 0.012195
52 56 0.030303
52 57 0.016129
52 58 0.010638
52 59 0.020408
52 60 0.017544
52 61 0.018519
53 54 0.026316
53 55 0.010638
53 56 0.020000
53 57 0.010101
53 58 0.011765
53 59 0.023256
53 60 0.011111
53 61 0.015152
53 62 0.500000
54 55 1.000000
54 56 0.125000
54 57 0.041667
54 58 0.020833
54 59 0.015385
54 60 0.013889
54 61 0.019608
54 62 0.013699
54 63 0.010526
55 56 0.020833
55 57 0.010638
55 58 0.017857
55 59 0.011494
55 60 0.018868
55 61 0.025641
55 62 0.050000
55 63 0.062500
55 64 0.030303
56 57 0.047619
56 58 0.015152
56 59 0.010989
56 60 0.013158
56 61 0.250000
56 62 0.011765
56 63 0.038462
56 64 0.250000
56 65 0.014085
57 58 0.014493
57 59 0.010638
57 60 0.027027
57 61 0.014085
57 62 0.010526
57 63 0.021739
57 64 0.010526
57 65 0.022727
57 66 0.090909
58 59 0.014706
58 60 0.010417
58 61 0.011765
58 62 0.015873
58 63 0.022727
58 64 0.012500
58 65 0.050000
58 66 0.032258
58 67 0.029412
59 60 0.016949
59 61 0.019231
59 62 0.020000
59 63 0.010753
59 64 0.013514
59 65 0.058824
59 66 0.011905
59 67 0.020000
59 68 0.047619
60 61 0.014286
60 62 0.013158
60 63 0.040000
60 64 0.024390
60 65 0.021739
60 66 0.050000
60 67 0.012821
60 68 0.055556
60 69 0.062500
61 62 0.041667
61 63 0.071429
61 64 0.016667
61 65 0.027778
61 66 0.012195
61 67 0.017857
61 68 0.047619
61 69 0.022222
61 70 0.500000
62 63 0.015152
62 64 0.031250
62 65 0.027778
62 66 0.040000
62 67 0.011765
62 68 0.011494
62 69 0.052632
62 70 0.016949
62 71 0.250000
63 64 0.250000
63 65 0.111111
63 66 0.038462
63 67 0.013514
63 68 0.011628
63 69 0.019608
63 70 0.062500
63 71 0.031250
63 72 0.013889
64 65 0.010638
64 66 0.020000
64 67 0.011364
64 68 0.052632
64 69 0.015385
64 70 0.020833
64 71 0.017857
64 72 0.021277
64 73 0.200000
65 66 0.012821
65 67 0.010753
65 68 0.200000
65 69 0.012500
65 70 0.016949
65 71 0.026316
65 72 0.058824
65 73 0.011765
65 74 0.041667
66 67 0.250000
66 68 0.200000
66 69 0.012048
66 70 0.125000
66 71 0.111111
66 72 0.010753
66 73 0.028571
66 74 0.011905
66 75 0.012658
67 68 0.011628
67 69 0.083333
67 70 0.017241
67 71 0.010526
67 72 0.015873
67 73 0.021739
67 74 0.071429
67 75 0.035714
67 76 0.010526
68 69 0.014085
68 70 0.013333
68 71 0.020408
68 72 0.014493
68 73 0.166667
68 74 0.034483
68 75 0.035714
68 76 0.022222
68 77 0.021739
69 70 0.071429
69 71 0.014493
69 72 0.019608
69 73 0.052632
69 74 0.019231
69 75 0.016667
69 76 0.034483
69 77 0.022222
69 78 0.010526
70 71 0.076923
70 72 0.040000
70 73 0.012195
70 74 0.071429
70 75 0.027027
70 76 0.025000
70 77 0.111111
70 78 0.011494
70 79 0.041667
71 72 0.034483
71 73 0.012048
71 74 0.010526
71 75 0.200000
71 76 0.012048
71 77 0.022727
71 78 0.013514
71 79 0.011111
71 80 0.013514
72 73 0.333333
72 74 0.028571
72 75 0.047619
72 76 0.058824
72 77 0.250000
72 78 0.013889
72 79 0.027027
72 80 0.017544
72 81 0.031250
73 74 0.015152
73 75 0.333333
73 76 0.037037
73 77 0.012658
73 78 0.035714
73 79 0.111111
73 80 0.010753
73 81 0.015152
73 82 0.020000
74 75 0.333333
74 76 0.014925
74 77 0.026316
74 78 0.037037
74 79 0.010309
74 80 0.047619
74 81 0.043478
74 82 0.500000
74 83 0.200000
75 76 0.014925
75 77 0.012987
75 78 0.010526
75 79 0.023810
75 80 0.012500
75 81 0.033333
75 82 0.015873
75 83 0.010204
75 84 0.028571
76 77 0.028571
76 78 0.028571
76 79 0.010753
76 80 0.014925
76 81 1.000000
76 82 0.010417
76 83 0.010638
76 84 0.012346
76 85 0.040000
77 78 0.250000
77 79 0.013333
77 80 0.010870
77 81 0.018519
77 82 0.012821
77 83 0.016949
77 84 0.010870
77 85 0.200000
77 86 0.017857
78 79 0.071429
78 80 0.034483
78 81 0.016949
78 82 0.052632
78 83 0.010417
78 84 0.027778
78 85 0.071429
78 86 0.026316
78 87 0.058824
79 80 0.022222
79 81 1.000000
79 82 0.066667
79 83 0.012346
79 84 0.027027
79 85 0.019608
79 86 0.013514
79 87 0.250000
79 88 0.019231
80 81 0.014286
80 82 0.010101
80 83 0.029412
80 84 0.010417
80 85 0.333333
80 86 0.111111
80 87 0.011364
80 88 0.017241
80 89 0.011494
81 82 0.020833
81 83 0.019608
81 84 0.010753
81 85 0.200000
81 86 0.015385
81 87 0.045455
81 88 0.015625
81 89 0.011765
81 90 0.052632
82 83 0.017241
82 84 0.058824
82 85 0.021739
82 86 0.016667
82 87 0.030303
82 88 0.037037
82 89 0.010309
82 90 0.011905
82 91 0.500000
83 84 0.500000
83 85 0.027027
83 86 0.013699
83 87 1.000000
83 88 0.014085
83 89 0.014493
83 90 0.200000
83 91 0.012346
83 92 0.017544
84 85 0.015625
84 86 0.014493
84 87 0.166667
84 88 0.066667
84 89 0.015873
84 90 0.090909
84 91 0.012346
84 92 0.011628
84 93 0.013333
85 86 0.015152
85 87 0.200000
85 88 0.013158
85 89 0.015152
85 90 0.015625
85 91 0.010638
85 92 0.083333
85 93 0.041667
85 94 0.037037
86 87 0.025000
86 88 0.045455
86 89 0.083333
86 90 0.023810
86 91 0.040000
86 92 0.020408
86 93 0.066667
86 94 0.038462
86 95 0.047619
87 88 0.011765
87 89 0.031250
87 90 0.500000
87 91 0.023256
87 92 0.010309
87 93 0.013889
87 94 0.020408
87 95 0.076923
87 96 0.028571
88 89 0.016667
88 90 0.010638
88 91 0.047619
88 92 0.027778
88 93 0.016393
88 94 0.037037
88 95 0.083333
88 96 0.035714
88 97 0.010989
89 90 0.142857
89 91 0.024390
89 92 0.062500
89 93 0.028571
89 94 0.012346
89 95 0.025641
89 96 0.021277
89 97 0.041667
89 98 0.015625
90 91 0.010309
90 92 0.025641
90 93 0.010989
90 94 0.055556
90 95 0.041667
90 96 0.041667
90 97 0.047619
90 98 0.014706
90 99 0.047619
91 92 0.010753
91 93 0.058824
91 94 0.029412
91 95 0.034483
91 96 0.012987
91 97 0.034483
91 98 0.020000
91 99 0.076923
91 1 0.011111
92 93 0.012821
92 94 0.038462
92 95 0.055556
92 96 0.014493
92 97 0.030303
92 98 0.016949
92 99 0.011628
92 1 0.014706
92 2 0.024390
93 94 0.038462
93 95 0.062500
93 96 0.015385
93 97 0.011111
93 98 0.076923
93 99 0.200000
93 1 0.012195
93 2 0.031250
93 3 0.033333
94 95 0.166667
94 96 0.018519
94 97 0.010204
94 98 0.037037
94 99 0.020833
94 1 0.066667
94 2 0.016129
94 3 0.012987
94 4 0.010753
95 96 0.010989
95 97 0.035714
95 98 0.166667
95 99 0.012346
95 1 0.166667
95 2 0.030303
95 3 0.013333
95 4 0.014925
95 5 0.016949
96 97 0.016129
96 98 0.027778
96 99 0.011364
96 1 0.019231
96 2 0.015385
96 3 0.012658
96 4 0.015152
96 5 0.014085
96 6 0.016393
97 98 0.010101
97 99 1.000000
97 1 0.014925
97 2 0.018868
97 3 0.010101
97 4 0.010526
97 5 0.500000
97 6 0.071429
97 7 0.017241
98 99 0.012658
98 1 0.142857
98 2 0.020000
98 3 0.142857
98 4 0.071429
98 5 0.032258
98 6 0.076923
98 7 0.020833
98 8 0.031250
99 1 0.011236
99 2 0.066667
99 3 0.010989
99 4 0.019231
99 5 0.019608
99 6 0.010870
99 7 0.025000
99 8 0.333333
99 9 0.017241
