1 2 87
1 3 50
1 4 29
1 5 37
1 6 12
1 7 99
1 8 14
1 9 59
1 10 50
1 11 44
1 12 59
1 13 7
1 14 37
1 15 73
1 16 41
1 17 20
2 3 97
2 4 50
2 5 13
2 6 21
2 7 54
2 8 99
2 9 61
2 10 55
2 11 86
2 12 78
2 13 63
2 14 97
2 15 46
2 16 74
2 17 72
3 4 34
3 5 25
3 6 1
3 7 72
3 8 37
3 9 87
3 10 97
3 11 51
3 12 32
3 13 56
3 14 58
3 15 69
3 16 30
3 17 89
4 5 28
4 6 50
4 7 3
4 8 49
4 9 5
4 10 3
4 11 11
4 12 61
4 13 90
4 14 89
4 15 24
4 16 87
4 17 36
5 6 99
5 7 59
5 8 70
5 9 24
5 10 61
5 11 42
5 12 62
5 13 62
5 14 29
5 15 59
5 16 13
5 17 62
6 7 15
6 8 72
6 9 31
6 10 45
6 11 72
6 12 21
6 13 73
6 14 23
6 15 24
6 16 23
6 17 29
7 8 28
7 9 34
7 10 90
7 11 18
7 12 24
7 13 15
7 14 5
7 15 60
7 16 14
7 17 65
8 9 31
8 10 39
8 11 26
8 12 74
8 13 1
8 14 89
8 15 4
8 16 60
8 17 3
9 10 66
9 11 76
9 12 75
9 13 97
9 14 22
9 15 48
9 16 18
9 17 95
10 11 72
10 12 43
10 13 19
10 14 1
10 15 71
10 16 54
10 17 92
11 12 90
11 13 78
11 14 7
11 15 96
11 16 39
11 17 22
12 13 61
12 14 70
12 15 61
12 16 88
12 17 44
13 14 63
13 15 77
13 16 49
13 17 24
14 15 80
14 16 15
14 17 56
15 16 12
15 17 22
16 17 5
