1 2 37
1 3 20
1 4 85
1 5 7
1 6 19
1 7 33
1 8 36
1 9 4
1 10 55
1 11 37
1 12 16
1 13 9
1 14 39
1 15 7
1 16 26
1 17 67
1 18 46
1 19 43
1 20 8
1 21 79
2 3 24
2 4 41
2 5 22
2 6 51
2 7 58
2 8 88
2 9 28
2 10 75
2 11 10
2 12 66
2 13 10
2 14 48
2 15 86
2 16 96
2 17 56
2 18 6
2 19 29
2 20 92
2 21 11
3 4 85
3 5 30
3 6 27
3 7 94
3 8 70
3 9 35
3 10 20
3 11 38
3 12 81
3 13 64
3 14 46
3 15 60
3 16 88
3 17 87
3 18 83
3 19 39
3 20 46
3 21 71
4 5 68
4 6 21
4 7 82
4 8 35
4 9 32
4 10 30
4 11 22
4 12 28
4 13 86
4 14 28
4 15 58
4 16 79
4 17 39
4 18 43
4 19 9
4 20 67
4 21 38
5 6 79
5 7 2
5 8 58
5 9 17
5 10 84
5 11 22
5 12 64
5 13 44
5 14 11
5 15 51
5 16 28
5 17 51
5 18 98
5 19 19
5 20 19
5 21 82
6 7 55
6 8 52
6 9 13
6 10 77
6 11 80
6 12 99
6 13 5
6 14 39
6 15 78
6 16 45
6 17 82
6 18 88
6 19 12
6 20 20
6 21 68
7 8 15
7 9 79
7 10 85
7 11 99
7 12 2
7 13 49
7 14 44
7 15 13
7 16 1
7 17 72
7 18 64
7 19 99
7 20 73
7 21 84
8 9 19
8 10 55
8 11 39
8 12 71
8 13 69
8 14 16
8 15 52
8 16 68
8 17 21
8 18 91
8 19 47
8 20 66
8 21 74
9 10 35
9 11 79
9 12 95
9 13 3
9 14 94
9 15 74
9 16 89
9 17 94
9 18 76
9 19 39
9 20 38
9 21 90
10 11 40
10 12 11
10 13 54
10 14 40
10 15 84
10 16 39
10 17 60
10 18 40
10 19 78
10 20 32
10 21 10
11 12 94
11 13 84
11 14 78
11 15 16
11 16 76
11 17 25
11 18 83
11 19 50
11 20 60
11 21 62
12 13 45
12 14 64
12 15 57
12 16 20
12 17 53
12 18 52
12 19 97
12 20 92
12 21 91
13 14 87
13 15 33
13 16 2
13 17 42
13 18 73
13 19 87
13 20 81
13 21 33
14 15 28
14 16 60
14 17 66
14 18 38
14 19 54
14 20 50
14 21 17
15 16 71
15 17 26
15 18 42
15 19 54
15 20 77
15 21 3
16 17 17
16 18 23
16 19 68
16 20 75
16 21 43
17 18 21
17 19 27
17 20 40
17 21 13
18 19 18
18 20 27
18 21 46
19 20 21
19 21 70
20 21 20
