1 2 24
1 3 91
1 4 95
1 5 22
1 6 62
1 7 25
1 8 81
1 9 25
1 10 45
1 11 8
1 12 16
1 13 11
1 14 86
1 15 16
2 3 95
2 4 38
2 5 49
2 6 62
2 7 87
2 8 26
2 9 95
2 10 61
2 11 64
2 12 26
2 13 68
2 14 23
2 15 9
3 4 61
3 5 72
3 6 28
3 7 94
3 8 97
3 9 19
3 10 90
3 11 19
3 12 82
3 13 16
3 14 1
3 15 7
4 5 61
4 6 10
4 7 23
4 8 73
4 9 96
4 10 40
4 11 68
4 12 35
4 13 89
4 14 31
4 15 23
5 6 16
5 7 26
5 8 84
5 9 81
5 10 53
5 11 53
5 12 4
5 13 62
5 14 14
5 15 77
6 7 90
6 8 9
6 9 75
6 10 10
6 11 99
6 12 95
6 13 92
6 14 15
6 15 96
7 8 77
7 9 6
7 10 24
7 11 50
7 12 3
7 13 64
7 14 19
7 15 39
8 9 54
8 10 50
8 11 62
8 12 70
8 13 76
8 14 46
8 15 51
9 10 30
9 11 99
9 12 56
9 13 92
9 14 14
9 15 34
10 11 82
10 12 24
10 13 9
10 14 93
10 15 23
11 12 4
11 13 86
11 14 39
11 15 86
12 13 17
12 14 7
12 15 10
13 14 68
13 15 11
14 15 75
