1 2 31
1 3 18
1 4 78
1 5 75
1 6 37
1 7 79
1 8 47
1 9 92
1 10 71
1 11 37
1 12 70
1 13 79
1 14 33
1 15 9
1 16 1
1 17 95
1 18 80
1 19 63
2 3 83
2 4 25
2 5 26
2 6 61
2 7 74
2 8 50
2 9 42
2 10 89
2 11 51
2 12 99
2 13 2
2 14 73
2 15 4
2 16 34
2 17 92
2 18 83
2 19 9
3 4 30
3 5 62
3 6 56
3 7 22
3 8 34
3 9 94
3 10 92
3 11 14
3 12 27
3 13 2
3 14 15
3 15 22
3 16 82
3 17 79
3 18 6
3 19 8
4 5 6
4 6 67
4 7 82
4 8 56
4 9 10
4 10 72
4 11 8
4 12 9
4 13 74
4 14 82
4 15 14
4 16 9
4 17 74
4 18 97
4 19 18
5 6 4
5 7 60
5 8 75
5 9 26
5 10 95
5 11 69
5 12 19
5 13 9
5 14 97
5 15 21
5 16 25
5 17 20
5 18 4
5 19 4
6 7 26
6 8 12
6 9 10
6 10 94
6 11 95
6 12 67
6 13 4
6 14 67
6 15 75
6 16 13
6 17 42
6 18 57
6 19 28
7 8 51
7 9 32
7 10 25
7 11 70
7 12 36
7 13 85
7 14 45
7 15 63
7 16 81
7 17 15
7 18 82
7 19 90
8 9 13
8 10 4
8 11 15
8 12 33
8 13 9
8 14 20
8 15 59
8 16 22
8 17 30
8 18 54
8 19 17
9 10 98
9 11 58
9 12 85
9 13 73
9 14 72
9 15 27
9 16 31
9 17 78
9 18 63
9 19 26
10 11 48
10 12 12
10 13 94
10 14 63
10 15 93
10 16 9
10 17 46
10 18 83
10 19 22
11 12 50
11 13 99
11 14 56
11 15 60
11 16 19
11 17 15
11 18 82
11 19 49
12 13 70
12 14 99
12 15 48
12 16 28
12 17 84
12 18 21
12 19 1
13 14 12
13 15 53
13 16 1
13 17 90
13 18 17
13 19 28
14 15 39
14 16 17
14 17 40
14 18 33
14 19 80
15 16 33
15 17 43
15 18 26
15 19 17
16 17 65
16 18 77
16 19 16
17 18 21
17 19 37
18 19 35
