1 2 73
1 3 22
1 4 22
1 5 65
1 6 23
1 7 11
1 8 80
1 9 27
1 10 17
1 11 34
1 12 9
1 13 59
2 3 52
2 4 51
2 5 69
2 6 85
2 7 54
2 8 84
2 9 36
2 10 22
2 11 22
2 12 98
2 13 68
3 4 61
3 5 92
3 6 89
3 7 67
3 8 27
3 9 45
3 10 50
3 11 9
3 12 18
3 13 73
4 5 32
4 6 84
4 7 97
4 8 44
4 9 64
4 10 24
4 11 61
4 12 98
4 13 33
5 6 20
5 7 51
5 8 85
5 9 90
5 10 36
5 11 40
5 12 75
5 13 72
6 7 62
6 8 97
6 9 70
6 10 30
6 11 59
6 12 62
6 13 20
7 8 27
7 9 90
7 10 65
7 11 77
7 12 83
7 13 51
8 9 32
8 10 67
8 11 49
8 12 77
8 13 32
9 10 73
9 11 38
9 12 31
9 13 7
10 11 58
10 12 82
10 13 93
11 12 49
11 13 19
12 13 33
