1 2 14
1 3 53
1 4 43
1 5 21
1 6 29
1 7 18
1 8 97
1 9 94
1 10 52
1 11 25
1 12 12
1 13 80
1 14 22
1 15 67
1 16 44
1 17 54
1 18 55
1 19 26
1 20 83
1 21 42
1 22 15
1 23 6
1 24 47
1 25 37
2 3 58
2 4 9
2 5 66
2 6 2
2 7 87
2 8 99
2 9 70
2 10 1
2 11 52
2 12 13
2 13 23
2 14 82
2 15 31
2 16 21
2 17 77
2 18 84
2 19 46
2 20 89
2 21 65
2 22 69
2 23 57
2 24 9
2 25 24
3 4 12
3 5 35
3 6 7
3 7 55
3 8 50
3 9 13
3 10 2
3 11 87
3 12 72
3 13 12
3 14 53
3 15 75
3 16 53
3 17 45
3 18 1
3 19 5
3 20 58
3 21 24
3 22 87
3 23 90
3 24 45
3 25 64
4 5 75
4 6 92
4 7 54
4 8 40
4 9 62
4 10 12
4 11 49
4 12 86
4 13 25
4 14 85
4 15 94
4 16 80
4 17 35
4 18 7
4 19 83
4 20 23
4 21 80
4 22 96
4 23 77
4 24 55
4 25 96
5 6 30
5 7 1
5 8 97
5 9 36
5 10 59
5 11 22
5 12 23
5 13 50
5 14 68
5 15 88
5 16 25
5 17 61
5 18 43
5 19 65
5 20 23
5 21 55
5 22 15
5 23 10
5 24 80
5 25 4
6 7 61
6 8 36
6 9 12
6 10 45
6 11 60
6 12 92
6 13 41
6 14 37
6 15 48
6 16 37
6 17 68
6 18 49
6 19 35
6 20 4
6 21 9
6 22 58
6 23 28
6 24 59
6 25 26
7 8 17
7 9 85
7 10 88
7 11 60
7 12 50
7 13 12
7 14 15
7 15 66
7 16 22
7 17 96
7 18 66
7 19 27
7 20 58
7 21 3
7 22 39
7 23 3
7 24 63
7 25 32
8 9 45
8 10 81
8 11 82
8 12 69
8 13 31
8 14 18
8 15 73
8 16 40
8 17 76
8 18 2
8 19 3
8 20 19
8 21 85
8 22 91
8 23 79
8 24 36
8 25 3
9 10 95
9 11 2
9 12 26
9 13 92
9 14 69
9 15 53
9 16 50
9 17 72
9 18 93
9 19 54
9 20 36
9 21 26
9 22 99
9 23 37
9 24 7
9 25 82
10 11 6
10 12 39
10 13 79
10 14 80
10 15 76
10 16 82
10 17 80
10 18 80
10 19 1
10 20 66
10 21 71
10 22 80
10 23 2
10 24 74
10 25 76
11 12 5
11 13 1
11 14 68
11 15 74
11 16 54
11 17 18
11 18 47
11 19 48
11 20 73
11 21 83
11 22 74
11 23 72
11 24 21
11 25 82
12 13 55
12 14 27
12 15 21
12 16 55
12 17 7
12 18 1
12 19 32
12 20 89
12 21 82
12 22 12
12 23 90
12 24 48
12 25 84
13 14 71
13 15 51
13 16 59
13 17 48
13 18 56
13 19 60
13 20 16
13 21 31
13 22 15
13 23 35
13 24 79
13 25 63
14 15 8
14 16 63
14 17 37
14 18 81
14 19 84
14 20 20
14 21 36
14 22 11
14 23 41
14 24 92
14 25 18
15 16 43
15 17 25
15 18 8
15 19 25
15 20 38
15 21 99
15 22 74
15 23 22
15 24 71
15 25 25
16 17 82
16 18 19
16 19 81
16 20 42
16 21 35
16 22 12
16 23 57
16 24 70
16 25 92
17 18 21
17 19 79
17 20 55
17 21 59
17 22 60
17 23 39
17 24 79
17 25 97
18 19 50
18 20 21
18 21 90
18 22 69
18 23 64
18 24 15
18 25 77
19 20 90
19 21 54
19 22 77
19 23 64
19 24 76
19 25 48
20 21 90
20 22 58
20 23 67
20 24 71
20 25 1
21 22 3
21 23 84
21 24 59
21 25 74
22 23 76
22 24 81
22 25 54
23 24 31
23 25 40
24 25 15
