1 2 9
1 3 51
1 4 54
1 5 38
1 6 11
1 7 20
1 8 77
1 9 66
1 10 71
1 11 94
1 12 37
1 13 98
1 14 37
1 15 92
1 16 75
1 17 41
1 18 9
1 19 98
1 20 9
1 21 85
1 22 42
1 23 30
2 3 13
2 4 82
2 5 44
2 6 32
2 7 10
2 8 91
2 9 53
2 10 80
2 11 11
2 12 63
2 13 32
2 14 66
2 15 1
2 16 44
2 17 87
2 18 78
2 19 10
2 20 58
2 21 73
2 22 48
2 23 56
3 4 10
3 5 41
3 6 32
3 7 51
3 8 50
3 9 31
3 10 60
3 11 36
3 12 73
3 13 91
3 14 49
3 15 56
3 16 35
3 17 81
3 18 66
3 19 27
3 20 35
3 21 47
3 22 39
3 23 98
4 5 79
4 6 5
4 7 23
4 8 92
4 9 79
4 10 34
4 11 51
4 12 52
4 13 83
4 14 8
4 15 63
4 16 24
4 17 41
4 18 14
4 19 75
4 20 72
4 21 75
4 22 11
4 23 46
5 6 67
5 7 61
5 8 3
5 9 3
5 10 42
5 11 69
5 12 30
5 13 78
5 14 16
5 15 69
5 16 76
5 17 96
5 18 74
5 19 77
5 20 19
5 21 67
5 22 56
5 23 54
6 7 18
6 8 9
6 9 37
6 10 27
6 11 72
6 12 62
6 13 68
6 14 87
6 15 37
6 16 41
6 17 63
6 18 49
6 19 88
6 20 30
6 21 10
6 22 91
6 23 33
7 8 53
7 9 60
7 10 64
7 11 31
7 12 77
7 13 33
7 14 8
7 15 73
7 16 8
7 17 86
7 18 93
7 19 76
7 20 42
7 21 47
7 22 95
7 23 52
8 9 85
8 10 22
8 11 24
8 12 47
8 13 90
8 14 12
8 15 85
8 16 32
8 17 76
8 18 35
8 19 20
8 20 6
8 21 46
8 22 11
8 23 40
9 10 99
9 11 72
9 12 5
9 13 31
9 14 49
9 15 38
9 16 40
9 17 23
9 18 47
9 19 26
9 20 16
9 21 23
9 22 69
9 23 64
10 11 18
10 12 21
10 13 49
10 14 41
10 15 46
10 16 97
10 17 31
10 18 59
10 19 82
10 20 64
10 21 35
10 22 18
10 23 84
11 12 42
11 13 64
11 14 95
11 15 82
11 16 64
11 17 67
11 18 87
11 19 95
11 20 17
11 21 26
11 22 35
11 23 40
12 13 73
12 14 62
12 15 57
12 16 97
12 17 31
12 18 21
12 19 15
12 20 52
12 21 71
12 22 56
12 23 99
13 14 68
13 15 88
13 16 58
13 17 51
13 18 52
13 19 93
13 20 69
13 21 36
13 22 35
13 23 33
14 15 32
14 16 18
14 17 97
14 18 6
14 19 93
14 20 17
14 21 33
14 22 29
14 23 57
15 16 6
15 17 91
15 18 15
15 19 4
15 20 23
15 21 36
15 22 19
15 23 76
16 17 7
16 18 76
16 19 75
16 20 76
16 21 65
16 22 34
16 23 27
17 18 17
17 19 27
17 20 97
17 21 54
17 22 63
17 23 31
18 19 87
18 20 82
18 21 29
18 22 87
18 23 88
19 20 22
19 21 4
19 22 22
19 23 52
20 21 62
20 22 28
20 23 44
21 22 77
21 23 33
22 23 67
